-3.463702519843705335e-03,7.580470681528716018e-03,-2.466498374092651082e-03,-7.144978869506659995e-03,1.655197388830258534e-03,1.168482951480300826e-02,-4.364629949738761672e-03,-3.891200348005420095e-03,7.863978355823759980e-03,1.294218525796677656e-03,1.495336801713609666e-03,2.637417812713100784e-03,1.671217003531739326e-02,8.765091794596046107e-03,-1.767203189077513371e-03,-1.088852822069009615e-03,3.711343243119114336e-04,7.085574947893856154e-03,-1.257465284433749442e-02,-2.538788373654115183e-03,-1.025001807468240572e-02,-3.911846169254641625e-03,5.951271086905652111e-03,1.044598513566214609e-02,-1.583781650308627078e-03,1.577164763089209873e-02,-5.802820686847758556e-04,-7.247091980014383657e-03,5.765805796797156615e-03,-6.131187334905305493e-03,-4.259359608391933075e-03,-7.011163481688472690e-04,-2.655217194918145507e-03,-7.352342889275494814e-03,4.771985545489065665e-03,-2.960032319133869532e-03,-7.172520993619384624e-03,2.435336098197897481e-03,-4.190931091854170273e-03,-5.680369345215627135e-03,-7.898703006523725978e-03,2.142143982566863808e-02,-1.220570375087035725e-02,1.201196960255655928e-02,1.381061528356245958e-03,2.758325494800866352e-03,-1.379155685874716014e-02,-5.181883917901782552e-04,-7.616718195633475318e-03,-1.451111230193222277e-03,7.937951990462934274e-03,-5.473919139427485883e-03,5.529546932635030602e-03,-4.040051306600308742e-03,1.595997995450373214e-02,6.671890483264371861e-03,-3.016903317458863483e-03,1.226375040424172204e-02,1.363867898315663206e-02,-6.922979103444438023e-03,-1.639339190150540179e-02,6.996063764730265505e-03,8.233394903829729591e-03,-4.406671710055621964e-03,9.266892238137007173e-03,-6.369016473170573817e-03,-1.374232715352265155e-02,-8.937691876863869053e-03,1.151510963504333469e-02,-1.104971965114877070e-03,1.519452183807237355e-03,6.744586141079307422e-03,6.958244290608706084e-03,-9.991204224759684879e-03,8.259910424821105893e-03,-8.762566537426538229e-04,-5.955236813974958653e-03,1.634285449169215788e-03,5.451135526863348270e-03,9.361796976785284954e-03,-2.011757704144460489e-03,-1.202421622309181315e-02,-1.214834818848844686e-02,2.335217117501511667e-03,5.333015186073184616e-03,8.230503880290998206e-03,-3.079240402181062774e-03,5.453333487215330025e-03,1.329486468171192995e-02,-1.473913997308261802e-02,1.652581364565993555e-02,1.690113058923434957e-03,-4.001297603638399696e-03,-6.966433578156169815e-03,-3.124373050491408531e-03,6.022184100069435247e-03,-3.657911915579560753e-03,3.907362121950143721e-03,-1.573716568704369365e-02,1.731121034008489129e-03,3.931058194230862592e-03,-1.160822136760353458e-02,8.327209242889620222e-03,5.832647476235357405e-03,2.982202016663591717e-03,2.401055531893296797e-03,-3.489797834235270051e-03,4.866545003486312808e-04,-4.279346871129381473e-04,-5.392995283489371988e-03,9.677689047264331074e-03,-9.957486961595955408e-03,7.432550024882731083e-04,8.030017418808099716e-03,5.754272909330146284e-03,-4.947910227563655228e-03,8.375559939520965669e-03,-1.951410567328781278e-04
-1.172619186740872857e-02,-7.572596149594877299e-03,-3.472891333070456717e-03,4.918153998221022095e-03,-9.439435617029976952e-03,1.065052491357660301e-02,-1.710960863535757525e-03,1.500434080114477261e-03,-6.391304283715634749e-03,-4.345526644854339794e-03,-3.661666059171029240e-03,-1.504040204622267285e-02,-9.511385803986470086e-03,-1.184814083296076813e-02,9.912951499376668196e-03,-1.458838250572799117e-02,8.761708482515959476e-03,3.081154024496418793e-03,-1.125117081436992697e-02,8.369388220981793802e-03,-1.071769113154195409e-02,1.235163671870597758e-02,-4.334070976012461694e-04,-1.251556166137694423e-02,-5.192461958199223737e-03,-3.430053041488741444e-03,-9.026427365751344203e-03,1.549592501071878591e-02,-6.622368041636676750e-03,2.634674547824828947e-02,-5.288128056309598056e-03,-1.847400722917180889e-03,5.592658589656689279e-03,-7.042854637509999086e-03,-8.636828622459576110e-03,-1.100072095828092539e-02,-8.831749156378448668e-04,8.979940603037576963e-03,-1.350708861136599472e-02,-1.615166194289347325e-03,-4.250961600377600215e-03,-1.264444233247552334e-02,8.525923324622736383e-04,2.582677350665930557e-03,-1.179646748475433361e-02,2.136095046876552734e-03,-1.377634723057972847e-02,-5.219666159417691263e-03,-1.258649541979459628e-02,1.852249303912827105e-02,-1.223365161888431696e-02,1.251062030534158716e-02,1.089366263444037711e-02,-3.693036409321703937e-03,3.648119653851675075e-03,-1.291621937445008861e-02,-3.546420965227995836e-03,1.977899937873402614e-03,5.436632495487357143e-03,9.711354242197461906e-03,1.851072453169330667e-02,-8.657294756620496565e-03,-5.819746209128475595e-03,-3.661473564365397022e-03,-1.863140036760083107e-02,-7.527723632619606059e-03,-7.853590457067858091e-03,1.311524093157711473e-03,-4.436658114243156176e-03,1.645218550877167174e-03,6.340754170254207095e-03,7.891095162333422843e-04,-2.032406801897065907e-02,3.660841454403739102e-04,-9.259399577451702529e-03,-8.039508870690296669e-03,-2.079238888850556966e-02,4.586726245744081505e-03,-1.443873130193112572e-02,-3.237518011448458927e-03,1.151271065464173210e-02,1.571641024802927430e-03,-2.074168203283287271e-02,1.770351144360343061e-05,9.109762128711970317e-03,1.079472889585056210e-02,-1.113341729677640168e-02,3.552915960022477553e-03,-8.106285455360746905e-03,3.372072165417799947e-03,-1.152584164117755961e-03,-2.519319037473924730e-02,1.483708835209788558e-02,-4.071800384678696434e-03,6.104673938988713737e-03,-5.976484196338465241e-03,-8.895038713762714808e-03,1.367206458715128099e-03,3.190793228958706523e-03,-1.534057086309836317e-02,1.313298221336022496e-02,-1.795944216648611433e-03,1.229150795575466477e-02,1.541903939364636621e-02,-9.306000689253800121e-04,1.318882065921810759e-02,-1.550131922714713395e-02,1.662207935889275720e-02,1.636592866256562223e-02,-1.778713275726603133e-03,-1.232887417364504981e-02,-2.351507834904208779e-03,7.247617657925061255e-03,4.925622886392430318e-04,5.071533050155277098e-03,-1.122379746467894700e-02,5.918233121422366259e-03,-1.200086921943462233e-02
8.552033392813941214e-04,9.718344075444067948e-03,1.486364898298464347e-02,-5.821543284044838201e-04,-5.050923295464405244e-03,1.300599701657194872e-02,1.269469761606074063e-03,5.961082400141089893e-03,8.618153588983757957e-04,4.055637488026083044e-03,9.368738478799891814e-03,-6.635888674404928113e-03,-1.494803398675021919e-02,2.125824027205316241e-02,1.568942090007409418e-02,-3.750016694373318939e-03,2.681130901888358585e-03,-1.078500891176453237e-02,-2.168130959434874661e-02,-1.332061548517276400e-02,6.806007977957215412e-03,-7.342095010858405192e-03,1.031952610286164876e-02,-1.357006002475308858e-02,6.951801550776418037e-03,1.067456128133206263e-02,-3.580915634255116362e-03,-2.018545549395027450e-02,-9.427840136980473670e-03,-3.109803991188452455e-03,1.735073695362280080e-02,1.037457954719667782e-03,1.217971706509405477e-02,-4.435170227637180371e-03,-1.503105000293960061e-02,1.575113224578632168e-04,8.796715370262605388e-03,-1.221458607996196363e-02,1.076330059365713382e-02,3.632374604945009080e-04,-5.732045081045989213e-03,7.265911290014092500e-03,1.323782560010294991e-02,5.239839825984823549e-03,6.554565802334826226e-03,-7.170128800275866847e-03,1.278627625697315896e-02,-7.617221931247942883e-03,-4.081091152913825931e-03,-7.182245755067360982e-05,1.174947068195846944e-03,3.994451625065674125e-03,-4.850152528104849717e-03,1.286248667164470840e-03,-9.484044608413930849e-03,-9.406291710800488565e-03,2.335966439071911292e-03,1.199403803727025616e-03,-8.084742616460268913e-03,-1.980026597876276447e-03,-5.454620278644453299e-03,3.206768124780830231e-03,-2.136582813601426226e-02,-3.164561788697466040e-03,-1.137375459075391435e-02,-8.460507001554354659e-03,9.744456826707135338e-03,5.592087437150465926e-03,-1.023790643635685491e-02,-4.619941399342892760e-03,7.385367312395394596e-03,-3.419434921784301074e-04,-1.028239542393434396e-02,5.977099580428876444e-03,7.472754659803218860e-03,1.319349151238937866e-03,1.035932541739868068e-02,-7.983985836764306149e-03,-8.605688453961259381e-05,6.074659213511511037e-03,-1.064413559574479582e-04,8.625809322480968919e-03,1.277924463610393378e-02,2.208412702603094883e-04,-1.396900839087588655e-03,-6.846307358873655879e-03,5.439066924695430683e-03,2.076907972758561000e-03,1.673926458440730966e-03,-1.980177520412111994e-02,-1.291927218537708075e-02,1.520292086445209083e-04,1.562001072245339413e-02,-5.685294250514929572e-03,3.098062715642840945e-03,1.115759526280853814e-02,-1.022210932896169995e-02,-8.326343780702134822e-03,1.728588502315258268e-03,4.840545609557787843e-03,3.738885958161004483e-03,-6.612729577238695561e-03,-1.004091713214472735e-02,-4.650946424276113794e-03,-1.774390520333076577e-03,-7.767534215991953039e-03,3.319691247838045707e-03,1.575487442722739440e-02,1.073386942640365001e-04,2.854853694221104292e-03,1.401639407100282661e-02,-1.332122723048011909e-02,1.421739465898854858e-03,-3.828211136983321154e-03,4.390672598188285342e-03,8.322283135217685771e-03,-6.133552869618434135e-03,3.480816191157807323e-03
-2.936295601375371166e-03,-1.541984193609618938e-03,3.114776752485897901e-03,1.649482780724605135e-02,2.623784001293922533e-03,7.942389243930649771e-04,-3.180427729906178027e-03,-1.418612309324879944e-02,-1.064173726402938523e-02,-1.004080900051633994e-02,1.417322007426101611e-04,9.612549798194288189e-03,-1.011514030577711359e-02,5.488559706670327566e-04,1.022503193789312155e-02,-1.590883700370001458e-02,-1.145831972932797845e-03,-7.519661328935133872e-03,1.178621422623968643e-02,1.524379501654074152e-03,-9.214162349374466557e-03,1.647334544298465972e-02,-5.908166121946648378e-04,3.890438612493275685e-03,1.178631271327662891e-03,-1.085862803145234284e-02,1.722101025983478143e-03,2.362159645132763143e-03,-4.039539577222452105e-03,1.489306630376147685e-03,-8.717944261829946653e-03,-1.156402522460178543e-02,-1.972844219944018887e-02,-1.638421374732013146e-03,-3.291797845133630457e-04,-3.036014601830745036e-03,9.153226719974909970e-03,5.533098953755394289e-04,-3.726955814808443485e-03,4.694816236378325860e-03,5.456016818288052066e-03,7.478826829822129464e-03,-3.269931570404650280e-04,-2.415095956087315136e-03,1.089839923845707138e-02,3.272408925228629476e-03,-7.472407506249070797e-03,-1.639238394842097019e-02,9.641742139274366366e-03,-7.039286194764824128e-04,3.700398070724294185e-03,1.223181684175855821e-02,1.082832150486225109e-02,-8.795703173528361587e-04,1.035278334893696868e-02,3.568220865575081648e-03,-1.317405321184857798e-03,3.564283230541761150e-03,8.262108262048284760e-03,-3.245081412728707902e-03,1.214205631204686982e-05,2.430613350260921700e-03,-2.541561331041768557e-03,1.267281474168126948e-03,-2.089544993237539561e-03,-2.242338330480718282e-03,1.820330843176232605e-04,-5.537643422229188324e-03,1.519570988958557443e-03,-4.746978274112472959e-03,-6.221641651243278682e-04,-4.686320078640604449e-04,6.300288148965569289e-03,-8.314801311337202683e-03,-2.213518913719587770e-04,3.305716382272961759e-03,-1.423643217305253436e-02,1.915768597514752244e-02,-3.344236206823958564e-03,-1.086089281060469841e-02,5.274765894386981846e-03,7.711580143456410810e-04,1.768311036032638411e-04,-4.146159410708382190e-03,8.499261876362664003e-03,-1.421973570588500047e-03,5.636029808224468120e-03,8.123458914800877478e-03,1.649875293419794621e-03,1.276738451524016098e-02,-1.714456688081019906e-02,7.519791596523280920e-03,-7.308138356040935930e-03,-4.879824283690980050e-03,-1.168290011320340625e-02,-4.914297682462004206e-04,-8.678347964450107768e-03,-1.208947548643404292e-02,1.538907788748826791e-02,-1.545852935181828321e-02,-6.280897589768929569e-03,2.915856039845658113e-03,-5.877622170694934848e-04,2.145392037767476778e-02,-1.058410902330690455e-02,-1.190428102071274495e-03,-1.300365878168230696e-02,5.782916905577919868e-03,1.517509042213243710e-02,-7.618237230035345732e-03,3.952979741787603259e-03,-1.268841542089465743e-02,9.091973235149011096e-03,1.462584281322498736e-02,-2.837879094017789830e-03,1.047115010131292184e-02,-4.975211163382666120e-03,-1.028971935066094051e-02
-9.461244983323480531e-03,-5.228526613004575753e-03,2.449887677394001987e-03,2.272320766587290590e-03,1.517355423169363879e-03,-8.683193216475856846e-03,-6.043647424827205614e-03,-2.070829533228040603e-04,1.011099170638282002e-02,-1.821296073272363029e-03,-3.691839692762675061e-03,9.307659176726183411e-03,-2.752199047663218302e-03,-7.521718699805888088e-04,5.705692636725296675e-03,-7.785132773848383106e-03,1.318295529516782215e-02,-1.636833774227048656e-03,-8.314120607703640378e-03,4.896431434698408046e-03,7.807522394304454438e-03,-4.759495583193919244e-03,-5.754991756862181534e-03,-1.102525979848332192e-02,-5.209371224753601981e-03,6.241529159132295883e-03,4.731129432550152530e-03,7.630673343291430148e-04,-6.587393521573101964e-03,1.209295422255800105e-02,9.415255820653910257e-03,6.928281722994361104e-03,-1.186973194365889550e-02,1.273084399547931740e-02,1.768208140981237814e-03,4.385237227006691385e-03,-1.097921409345974444e-02,5.746134719838488260e-03,5.202630882760358707e-04,1.099123367597228292e-02,1.417697426000797192e-02,-8.287921076630577061e-03,-1.434422288935973018e-02,9.834291842489430863e-03,4.961597680384470868e-03,-5.827605062340651329e-03,-8.643853856887963316e-03,-3.094516703734984629e-03,-3.585476794926926569e-03,1.563321907350704101e-02,9.470940102517777753e-05,-9.714532915311296923e-03,3.555941049281706283e-03,-6.994599828772954560e-03,9.962839272919325403e-03,1.207310428088912259e-03,9.091341348038238165e-03,-3.895159298236742194e-03,-7.014334551829402159e-03,9.582781455286435573e-03,-3.707390927005406109e-03,-4.635638311319145895e-03,1.336040706169833907e-03,4.980324829792113009e-03,2.978706022933672558e-03,1.010825566478987639e-05,9.655139399294696348e-03,-4.886560350552567739e-03,1.886188952234141595e-03,2.007743680317325419e-02,-1.099144878031748035e-03,-7.896103872884750394e-03,3.633246111462089690e-03,5.717158552760013071e-03,1.005625769321598622e-03,3.309587671963303696e-03,1.732722840029756600e-02,-8.029563950440618547e-03,1.168557495242254947e-02,-2.886064245870934106e-03,-7.511316784696530063e-04,-2.920745282753069508e-02,2.690518233819371666e-03,7.068100072418519002e-03,3.217323070334815894e-03,-4.248883332543881494e-03,8.784693347108608885e-03,7.794857998916583652e-03,-2.854513278947445366e-03,-1.871784666796286190e-02,7.312985474518562175e-04,-4.500428371349356541e-03,5.518209944664786981e-03,-4.531827650526921818e-03,-3.005195655230889513e-03,-1.433464706963116049e-04,2.171186308274385753e-04,-2.439157648302910878e-03,1.133065928731565551e-02,5.645905203484635065e-03,-6.695719311499601437e-03,6.565382021693731696e-03,5.757847455114439156e-03,6.572002036760795328e-03,-5.833913502523133815e-03,-1.053657604848014240e-02,-2.439508206533393207e-03,1.454799555604379237e-03,-1.712267784770335477e-02,-3.485703861690851203e-03,-1.288489086129952430e-03,4.030021872225562560e-03,-7.835588717702877482e-04,6.245273914015267956e-03,-2.956387619052040523e-03,5.958875288645242886e-03,-9.610404690324089033e-03,1.744317889815269126e-02
1.105059731079057611e-02,-1.111660144711077401e-02,7.881637474983884187e-03,-5.519593436199388831e-03,6.000454028502151711e-03,-2.778055649278030406e-03,-2.171929319775706135e-02,-7.151443759365348762e-03,9.666255396294006624e-03,1.211475386916861666e-03,5.171757103415589377e-03,-7.031597443512073095e-03,-5.393850106418117320e-04,1.655619538458480595e-03,6.782325262508176293e-03,-5.863230483684743824e-03,5.194006777454253029e-03,-8.831485323503847004e-03,2.498112287762044911e-03,-1.032160688658457018e-02,1.742879462694856343e-02,-5.702321937097169606e-03,-1.186429870371953112e-02,4.086514803890876901e-03,-1.680860224412951756e-02,8.397827662600471305e-04,-7.576029613777250996e-03,-9.645873262441722121e-03,3.394680836043787332e-04,-6.138830663243169871e-04,-3.076218290983701465e-03,5.908065364296478938e-03,1.621951125248840544e-03,-3.109017323707056329e-03,7.207192170379864149e-03,1.029463958610801234e-02,1.143614632409259597e-02,2.368640619669313239e-03,-1.011919269271788213e-02,-1.924169697643063684e-02,-1.154090371382432943e-02,-1.391404973644499825e-03,4.771078122428829005e-03,-1.143393407627331035e-02,-4.662344678524710934e-03,-1.651257716812154844e-02,8.610371595817055759e-03,1.727651039144636677e-02,-1.340019408754326673e-02,6.133544650523532066e-03,-7.261066890884216272e-03,-4.395727219342757813e-03,1.207361621316878700e-03,-1.250946159183973123e-02,-8.749700531629637026e-03,2.635238949923905736e-04,-6.082691465847210946e-03,5.406069021867464762e-03,2.727064404412775367e-03,-9.643699482072637386e-03,-9.664249429599687177e-03,-4.784221082509074185e-03,6.972556911985257691e-03,-4.288447363459311720e-04,1.092941648655475391e-02,-2.887080927984623808e-03,4.129235273827454289e-04,4.342140771048256902e-03,2.062920027770018695e-03,-7.996076955255117594e-03,1.120919412987095125e-02,-7.740784808937359492e-03,-3.697928593105580773e-03,-3.257822807576279348e-03,-7.846995965480892121e-03,1.968776231869903345e-02,-6.749561257425259336e-03,1.515568073265237924e-02,6.282724037291361786e-03,6.513382555769496899e-04,-6.773652668200800045e-03,1.107707711754966906e-02,1.340776118240594172e-02,1.578646450803642201e-03,5.822287983578675746e-03,-1.911466751894601171e-03,-4.130675824959311251e-03,-5.370963126389973006e-04,3.426544866402269924e-03,-2.086398771961419513e-02,3.024126798223195686e-03,-1.926456073407249248e-03,-8.411093423678499856e-05,4.245619603973711277e-03,-1.614118600927399744e-03,8.443318722444994456e-03,-1.532621975234297294e-02,3.546230237477444001e-03,7.923325076428450534e-04,3.285750616446597369e-03,-1.957858067253300405e-03,-1.445302965066815395e-03,1.196688480409665450e-04,-1.635452441235125953e-02,-2.416098571896780570e-03,-1.050287806488445046e-02,-8.361826294849489596e-03,-1.774736949754008794e-02,1.961905696792289565e-03,8.292898051004866933e-03,7.240864199672079069e-04,-2.268290475272691925e-02,-5.289513185160707107e-03,1.942555392433479786e-02,8.007933685456443407e-03,1.223851925579145855e-03,1.193066357065815895e-02,-1.071227112628928349e-02
-9.368682414583395096e-03,2.150069913496086352e-02,5.314105286320857172e-03,-9.953731828230900913e-03,-1.224965618818895687e-02,1.382062736184356730e-04,6.804869003577786353e-03,-5.722040150443193779e-03,2.129104331004023822e-03,-3.718283969831931522e-03,-5.592285093768685315e-03,1.128652238604973027e-04,-1.107703679569645649e-04,-3.986384772771410165e-03,-1.619144959550449176e-03,1.207367331053767721e-02,1.397044168927463227e-02,7.322967124313469779e-03,6.096545901505552589e-03,-8.939403710891065044e-03,2.077485889680209721e-03,6.259631680220113402e-04,-4.314908516248082589e-03,-3.831589140547452411e-03,9.910503276352362195e-03,1.016921471354159841e-02,1.080849415139188913e-03,3.917612653242980329e-04,-5.278160355870828956e-03,-1.182413487696683252e-02,-2.975240584626340917e-03,-1.043559802124060555e-02,1.304638660129894216e-03,1.120864417121515862e-02,-1.017422835137118953e-02,-5.537865217161907702e-03,-5.106053201885526679e-04,6.801300974179976845e-03,1.104505701896758146e-02,-5.914966532258160523e-04,1.048619389276158123e-02,3.020860345672725464e-03,1.773944234231331334e-03,2.057865822384211812e-03,-4.497788612971453069e-03,7.823643932927419262e-03,1.665760213036707052e-03,-3.151744844604850194e-03,-1.506805544821709399e-03,1.815034428682327575e-02,-2.159585318354820206e-04,4.050383700809580788e-03,4.524608738601734736e-03,4.969445415477924052e-03,-3.410694662606365314e-03,-1.210830832323374871e-02,1.096705223309928957e-02,1.574467011294230015e-02,-1.068390670424195811e-02,1.157865854160972444e-02,5.452658425729031873e-03,-4.323066257719012338e-03,-1.360343544655085758e-02,-8.685258547867561602e-03,-2.538648524441447854e-03,1.717657730784450526e-02,7.759464544905451261e-03,9.132543001258972004e-03,-7.350101746282524003e-03,3.025227170275916755e-03,-3.820786556020493163e-03,-8.987629795094652027e-03,8.879594163819512845e-03,-2.742862546186329228e-03,5.436245286084303956e-03,3.050819972428880011e-04,-1.478934266273534970e-02,3.638021050239263234e-03,-3.450990724627402053e-04,1.786096185520890181e-02,1.034990331168652786e-02,1.046804275810479627e-02,3.570604814739118844e-03,-2.802861007303380798e-03,-9.841416120465873787e-03,-4.327496243309261748e-03,-7.878216893527011447e-03,2.739047840733853725e-03,1.802796923912317398e-02,-1.132753812715869010e-03,1.362877785044355012e-03,2.309678119805564245e-03,5.369953006744476731e-03,4.754472717171832376e-03,6.200356231666925193e-04,1.618695653086308500e-02,-7.097084586853460823e-03,5.163179643788162049e-03,4.989984761568773582e-03,8.231458664319761184e-03,1.470697932518713863e-04,-2.964475534550484875e-03,-1.036832190878985262e-03,8.190254688920912615e-03,2.972046679383684182e-03,-1.363010208402141467e-02,9.135356210853101330e-03,-1.082775627037297489e-02,-4.031776974555419807e-03,7.952073192739052623e-03,1.063480263900914817e-02,-3.454339108309902560e-03,-1.382807916870519398e-02,-3.430887413210839329e-03,-2.557732428011712071e-03,5.803659640753097357e-03,1.056002402955166092e-02,2.032910000434691097e-03
2.438068706960789221e-03,7.352121628939981349e-03,-2.822468094720620088e-03,-1.881214212984319567e-02,-5.431405185616734049e-03,-6.298844911903972096e-03,7.246619944045171180e-03,-8.921919905292206160e-03,-3.681759101854027976e-03,2.314111020322181730e-02,1.380450450729206122e-02,5.120462657698198958e-03,1.762819982020634446e-02,6.184543088156497538e-03,4.838911881246524965e-03,-9.760087916832169835e-03,-7.029470116750689314e-03,1.054663592570185063e-02,8.918117999921979996e-03,9.752151612421206331e-03,7.957525878327579086e-03,-7.561405714832334160e-03,8.156523696521618752e-03,3.384409044489999907e-03,4.275114790449341395e-03,-1.920568395149060276e-03,7.537444314525308491e-03,1.312585831805518528e-02,-8.310816710100393800e-03,-1.088537344386153807e-02,-1.724336007864031919e-02,1.597438171559299736e-02,-9.002658632417136209e-03,-1.138975816112019861e-02,-1.234992492311819644e-02,-3.331969651098358985e-03,8.963838955482557238e-04,-7.342794713505243313e-03,1.120086502374857381e-03,4.803966710941847719e-03,3.119335514558598844e-03,3.790667809682548607e-03,-2.616551853387927545e-03,3.236214998527704376e-03,2.197446272980350945e-02,-9.009094912098719946e-03,-1.742979949721597125e-03,6.239022537170247837e-03,-1.413306568786974575e-02,-8.914907853788164860e-03,5.451549148406345351e-03,8.860791748442752025e-03,1.863701950172174607e-03,-4.509801916508821874e-03,1.830266516680284809e-03,1.144124229663912549e-02,-7.028417629227722355e-03,3.286216829504227683e-03,-2.850201916321848709e-04,4.336072090772236792e-03,9.369943056188794004e-04,-1.109989225002545703e-03,4.527347548253625258e-04,4.193834231849426393e-03,2.799629198655358316e-03,-3.637613422869891491e-03,1.732317814167871504e-03,6.715928927586431625e-03,5.664598408605465291e-03,5.966926696030748663e-03,-4.572560303432026720e-03,5.225556480032888997e-04,-4.254900459962401328e-03,-1.189337240785737042e-02,1.339384095496599231e-03,4.820070685015098548e-03,-8.462869120132174641e-03,7.589995461096630050e-03,-6.886410398247179085e-03,1.452208977366426998e-02,5.489261557656718166e-03,-5.617901385362011196e-03,1.047890931512750722e-02,3.718762662917692984e-03,7.032047487380108097e-03,1.577089536271646802e-02,-2.004397637803868957e-03,-1.844764099442929624e-03,-2.288731186814174819e-03,-1.573571676995807024e-03,-1.027192718409375254e-02,4.314360814089424935e-03,2.717320568917251048e-03,8.880091798322234387e-03,1.408325683106596230e-03,9.654947602657511230e-03,-1.192282723478433476e-02,-8.854613532166924136e-03,2.571411681082155527e-03,-1.008562252836241180e-02,3.883853254640069926e-03,-7.462548465810394001e-03,-4.057453903675770426e-03,-4.514364753949499931e-03,-1.571544575682041122e-03,-1.081592309051961076e-02,-3.018197315117807956e-03,9.084789582727355317e-03,8.360494289389945599e-03,-1.241449281300794662e-02,-1.403118859280036955e-02,4.478266975286272159e-04,1.019305333471377979e-02,-1.609403688699247853e-02,-2.414873632788289756e-03,1.520014661372292609e-02,-5.670819121747277744e-03,9.501093414618223820e-03
1.017225001030463462e-02,1.657203343046622680e-03,1.162071287451902756e-03,-7.492011276811882253e-03,1.652442170710144865e-03,-6.942665151874857082e-03,3.179752360759865656e-03,-1.488225224204862279e-02,4.250777232231357262e-03,-6.384563852899352056e-03,-6.589982304493669299e-03,-6.831563220093576742e-03,1.799531339181884666e-03,-6.687144443242400149e-03,-6.883825733142698126e-03,8.789313674340321417e-03,-4.529626659932536707e-03,1.312129415560887337e-03,-3.588093338508212445e-03,2.372713289714431622e-06,-4.061938865849833852e-03,-5.787303910725916274e-03,-1.307572216581828935e-02,1.167598945516420527e-03,-1.599559698545822278e-02,9.867410440194041878e-04,-8.207887361453574185e-03,-6.303548783847987783e-04,1.073398416993059760e-02,-4.597151450204755262e-03,4.068829578532441073e-03,3.867876543276162898e-03,-3.418138878984323080e-03,-3.918258399874210117e-03,-8.801153287717224105e-03,1.831658629385013795e-02,1.763089382385862576e-03,2.223054368250171591e-03,-5.075257061946834500e-03,-4.839560209356860536e-03,-9.740837955383054372e-03,-1.165830545093442250e-02,-6.008793931451286881e-03,-3.928014090362762049e-03,3.664461144461197278e-03,-6.798705318231360907e-03,2.168113690138281230e-02,-9.643402437926162484e-04,1.212980907192169264e-02,1.707702106640457407e-02,9.114755343841113994e-03,1.604030364097980277e-02,5.844745543102648072e-03,1.497680738237629726e-02,8.136042772878384136e-03,-7.770558375531154242e-04,-5.084658898593449362e-03,7.333827813236361293e-03,-7.289956552610711744e-03,-6.275726891663548253e-03,-7.403806804732888588e-03,-4.933794110563393537e-03,-8.767732599736731067e-03,-1.235182215734955541e-03,-2.601757073129636576e-03,-2.201436879800388116e-02,-1.321295060830628403e-03,-1.679356944843338889e-02,1.136235755279634387e-03,9.782164230788921921e-05,-1.123740327356035663e-02,1.854832480624879357e-03,5.844206446048534273e-04,-8.314526856775751942e-03,8.628487842430407340e-03,3.258644646967763861e-03,-1.120283772374942519e-02,2.418299997543833443e-02,-7.206484640095320478e-03,-6.439626780266014504e-03,-1.102876708562813921e-03,1.115502313815261784e-02,7.790248627012609853e-03,4.767464771035389084e-03,-2.740541575750994607e-03,1.510466063945590035e-02,9.221619698406716484e-03,2.158778035160246762e-03,3.264709762510818996e-03,-2.504518264215572880e-03,1.174266524317154302e-02,6.455004450901922868e-03,1.859692817229326514e-02,-2.011090259246300915e-02,3.501412278553850312e-03,1.366141776790255787e-02,4.437355595690024683e-03,1.143795973030322169e-02,-1.046521349545069361e-02,-2.918435698659739910e-03,-1.812919858855587332e-02,1.170705769705151708e-02,4.422109509253854820e-03,-1.833868491135231551e-04,6.671640608382056054e-03,-1.335492947145271343e-02,1.382402984266456502e-04,-1.023755981910825542e-02,3.264464267356094202e-03,2.367871244027386010e-02,4.304750654649246687e-03,-6.968756061344460323e-04,-1.969730222585181628e-02,9.090179821647221062e-03,7.364090384369092329e-03,1.376485857861963098e-02,4.243152642542965050e-03,-3.887307088833588057e-03
1.340669937936486873e-02,4.224751190794292371e-03,7.683061986471530908e-03,9.831090839811548981e-05,2.552474925823914817e-03,-6.674700290678056702e-03,6.338323439261914910e-03,-7.553463668815628375e-05,2.278982978479863249e-03,-9.654212644757933365e-03,4.811323428367229871e-03,3.249791523914751130e-03,-2.902820837831535886e-03,-1.549130205188495443e-04,-9.458537169169094899e-03,-1.559007094138375321e-03,1.046029188631436221e-02,3.360252847451999838e-03,5.566333818259440805e-04,-3.300280174809609116e-03,1.651849522452818533e-02,-6.787252205349400373e-03,5.567965324314764521e-03,-4.875970976207280247e-03,4.647027597445677755e-03,2.076289690112062807e-03,1.517248445575088665e-03,-9.386232321879968421e-03,1.541911382235589510e-02,-3.188750423043475862e-03,-2.650792020508204415e-03,-8.912140320604075225e-03,-5.188008654717532822e-03,-1.552700142253628235e-02,-1.015573625678956732e-02,7.353241171710134336e-04,-1.454976088059691496e-02,1.882315916824573582e-02,-1.385452235990228351e-03,4.375394324037675496e-03,-8.748959379418724466e-03,-1.424059191897967744e-02,-9.829073492871929704e-03,-5.957414228614021229e-03,7.690313887771114271e-03,1.116207344160447326e-02,7.612989400585479195e-04,1.178919032279397185e-02,-8.908094082730870847e-03,2.200780038817847211e-03,1.049631477261595350e-02,-6.548709502634480312e-05,1.033981230813213990e-02,-3.569705185434329190e-03,2.734781932353456957e-03,-1.732537563788210874e-02,-3.066855373959841233e-03,-2.780347053574743453e-03,-5.236760324550625116e-03,-8.700543322834840276e-03,-4.423153133113055281e-03,-4.703109263904985127e-03,1.268375720734454988e-02,-3.966659521429250455e-03,4.427397894552662430e-03,-1.378386536412315108e-02,-4.716523909419474865e-03,1.121455101766390301e-02,-3.886765815696927463e-03,-4.931580928110804000e-03,3.972883559947956895e-03,-7.156691726321853970e-04,-4.383011962702166274e-03,-1.338851220925833287e-02,-2.920804529545030157e-03,4.971538907699295240e-03,-5.121198621668446305e-03,-2.919649439535728416e-03,8.857198628974567028e-03,7.734473820182511707e-03,-1.970285501129197172e-03,-4.832812876367024654e-03,-2.346409583724518196e-03,7.641741266404735583e-03,-1.171367263801838601e-02,-5.671702951572371067e-03,6.748721506706609782e-05,-4.049918541259994731e-03,1.113974801610049907e-02,1.264445286858637690e-02,-1.800806136241830946e-02,5.706025309549063451e-03,7.503116708605110999e-03,1.721209738663569133e-02,-8.785390196360752871e-03,9.814899073894706519e-03,1.141910371420798778e-02,5.337339376407615119e-03,-7.395497210037911551e-03,-3.280323616961349550e-03,-3.877976586225113584e-03,-9.276794329965301275e-03,-7.077977386547642906e-03,-1.317016408785908615e-03,-8.910968120492347017e-03,1.583725806842507453e-02,3.460498397785803214e-03,-9.368919374309343795e-03,-1.041651306446892376e-03,1.076058306341219802e-02,1.362513805285439465e-02,4.612197111211817704e-03,1.134913335005173106e-03,-3.560296372180231633e-03,9.710553778113378441e-04,-4.961593124280626842e-03,-1.567066438662617980e-02,9.644726771582996447e-03
2.903399730933858662e-03,-3.729107432860324142e-03,-5.834851852048942959e-03,1.075233399091593198e-03,9.883465852709842972e-03,-4.559813162841911197e-03,2.155154461251878543e-03,-8.436881231656295083e-03,8.851557152359086633e-03,1.491192693191870262e-02,-1.124953527331323290e-02,1.318059767530218532e-03,6.711864980615932751e-03,3.406189657579037668e-03,-1.395604418958782192e-02,-2.200075426511761793e-03,1.461784212788500362e-02,-1.967973050662396185e-03,-1.152453242021581926e-02,-4.323998637007476185e-03,2.868710801249427060e-03,2.233505966478655999e-02,2.471528611409290130e-03,6.056655470183891152e-03,8.849433785552120180e-03,-1.245871200492293038e-02,-2.010817247795709112e-03,8.590098437164636960e-03,-1.687955952364420670e-02,1.551238710953466333e-02,-8.573005756532213473e-03,7.638481772803065381e-03,1.791033380953817138e-03,2.265452226879983381e-03,-2.856067679388341052e-03,5.187974312372918909e-03,6.495205175494300071e-03,1.750253648533608986e-03,2.073529025614444590e-02,-8.748187477329765274e-03,-1.043120085178229212e-02,-3.830787790486471847e-03,-1.178643583162392906e-02,2.459764119018353033e-03,1.498059531595108754e-02,1.104929436771387614e-02,1.724366119642101311e-03,-4.605176312880248507e-03,3.256949745179808786e-03,4.463917117430397409e-03,-6.292609173248709005e-03,1.116944052887519807e-02,1.005381612663408010e-02,-2.392293693524619007e-03,3.618662790269215005e-03,6.003577679144119807e-03,3.966122248372606213e-03,-5.570047762163644542e-03,6.310938497962878058e-04,5.171877876392579673e-04,-1.198990694491996068e-03,1.126826608240355347e-02,-5.961551367504315871e-03,1.044950787333644160e-02,1.237629198693927964e-02,-1.092312598039259577e-02,2.783310502247982130e-03,-9.135402498407248564e-03,-1.498435822250205425e-03,8.663569733809375548e-03,-5.393904914611637874e-03,2.543274131858600309e-03,-2.313221977376806945e-03,-4.551107265676206277e-03,-1.909768448754421265e-03,2.733509878531834372e-03,-4.255489298916512522e-03,-3.921512838111393048e-03,9.117877637113910166e-03,1.612046601565541096e-03,-2.072035805208484807e-03,-1.019163635427053349e-02,-1.200008569824010914e-03,4.872620781767387187e-03,1.523239598054297247e-02,3.583768781829272092e-03,1.893698502204866317e-03,-1.836671244182118759e-02,-8.084030370716633468e-03,-1.349038652660246480e-03,-6.120514172054499413e-04,-2.462075929626044313e-03,3.011105037806654974e-03,-1.074349124238755358e-02,-4.395036530482347020e-03,-4.275146560381556764e-03,4.194990389185092143e-03,2.317667234460063161e-03,-2.126796867684597591e-03,-8.526402277559901044e-03,1.250175501750719516e-02,1.049385386059955433e-02,7.724662979340238440e-03,-5.583909275878836016e-03,2.627394407774075267e-03,5.010590618548829657e-04,9.101857836622038664e-03,1.667945814011668332e-02,-9.535896347966952647e-04,5.730295356348635329e-03,4.292152348815630493e-03,-2.556763335613902646e-03,1.800548837927521892e-02,9.488813997155546090e-03,-1.044390929571595121e-02,-1.652861276758439690e-02,-1.129062087608503559e-02,8.876408679675295774e-03
1.378896710358535130e-03,-6.754552830909580328e-03,5.975597598685703470e-03,3.587996895379356576e-03,-5.760800430912045578e-03,1.086165129445597691e-02,1.103840888222209354e-02,4.395949307160778273e-03,-4.083976150518558133e-03,4.549329572429906821e-03,-1.349074001824647831e-02,-8.396443460352634447e-03,9.158600898830639506e-03,8.364410529194758401e-03,-1.729317501662340842e-02,-7.271049226363137351e-03,-1.158188746381638365e-02,3.571522990565671740e-03,2.477436260720315524e-03,-3.579308946745247098e-03,-4.080881390871633416e-03,-5.772806454824886205e-03,-2.515215427371559481e-03,1.953253709075662183e-03,-1.337657668436102211e-02,-2.308962284671396172e-03,-5.308695308245990792e-03,-6.721631640248439815e-03,-9.115068913463291594e-03,-2.090028920386717212e-02,4.338011468601187491e-03,-3.216175588261529269e-03,-3.637717573820791611e-03,1.493948339049153834e-02,2.736490652197694912e-02,-8.640586742204209997e-03,-1.036884882362091665e-03,4.018149220691353586e-03,6.328760252201279073e-03,2.748522460236535719e-03,8.098290436337213932e-03,-9.483757528833371836e-03,-1.157565630377443283e-02,-9.353120415674718961e-04,8.638282967007158974e-03,1.821371133486654123e-02,3.766066301384604544e-03,5.936867070605089669e-03,7.497650305011981401e-04,-1.819049273463911598e-02,-7.783068336984822616e-03,-2.422276467965172372e-03,8.002043084978269563e-03,1.124304455121749764e-02,-6.656827584164637596e-04,-3.149971338422040065e-03,-1.004783925617385061e-02,1.027683685704459948e-02,7.544998960040819221e-03,-6.551621772264826400e-03,1.339834037844249079e-02,1.811157588291366360e-02,-7.834088126083121060e-04,-8.806263305211167042e-03,-1.405996041813287190e-02,-2.543134998144137501e-02,9.808126707116584381e-03,5.240929850675801575e-03,1.038316704196402644e-02,3.269239253425328638e-03,-1.120612733691626201e-02,1.432372917748964776e-04,-8.579289802188750248e-04,-7.993689631459953773e-03,7.938253999992157806e-03,-1.547938805495559234e-02,1.521568079376147027e-02,-6.509815212880188696e-03,-2.501065979907001694e-03,8.897597003650736108e-03,-1.386636431646380042e-02,1.404263563471151201e-02,7.685097612886145589e-03,1.149800825532837530e-02,-1.979727258512949464e-03,-5.859769748416048668e-03,-4.341294000539818072e-04,5.452545316102703522e-03,-1.635738245863330859e-02,-4.505357080595320113e-03,-1.835236594586347678e-02,-2.817475392027072537e-03,2.313846134217987464e-03,-7.203591973424623533e-03,7.207326939867679354e-03,-5.534481366760504728e-03,-8.513035638057166524e-03,-1.084840783887777715e-02,1.810467281397995162e-02,2.836137094905300492e-03,7.442802644159590133e-04,6.867777467706220364e-03,4.763012964599473709e-03,2.070021240081289498e-03,-1.978957206956321485e-04,3.595213220372530868e-03,1.169023112915195013e-02,-2.133126666123423294e-03,1.813651008495587372e-02,-7.482226496853996121e-03,-8.142275367209965810e-04,6.177037697575217014e-03,-5.113971355666050572e-03,8.102137346055967443e-03,3.718694528186304842e-03,-3.133072524904762218e-03,-4.804405000007117010e-03,-3.763946961818680041e-03
-2.266627813290686758e-03,7.590421105503784502e-03,-7.045868533176577811e-03,-1.702904784063661746e-03,9.893645345127315138e-03,3.409250222649344662e-03,1.147102376158082825e-02,-5.480151454969836924e-03,-8.984284250599198010e-03,-7.651141315239798867e-03,2.753771160421582178e-03,-3.194505564136625262e-03,-1.777922119945850657e-02,1.137993882012848686e-02,3.735564995057770584e-04,5.516430448904042529e-03,1.444001163371821939e-02,6.546488737615815262e-03,-6.896173683947525584e-03,-5.179870758356612363e-03,1.475951330319661380e-02,2.109694630667659655e-03,1.508570001265028106e-03,-1.100158780208955814e-02,-6.702753832574470834e-03,-3.121762391316879222e-03,-9.190686009756782833e-04,1.065022144452883873e-02,8.835640918643056230e-03,2.345418428572312169e-02,-1.177493934071809426e-03,3.497155414302964820e-03,-9.827134466408862443e-03,-2.782688122044885658e-03,-3.214923026260504361e-03,-5.703308154974901650e-03,1.798536027255344394e-02,1.226550650361170596e-03,-1.035601507631171703e-02,1.496486671821511440e-02,8.146647873683878632e-03,2.176430612153240889e-03,1.091184085141895174e-02,-9.320545316413601442e-03,-1.274243253570388895e-02,-2.850452459006732426e-04,1.039943580029120684e-02,-7.326052987698583076e-03,3.877950909286166994e-03,-1.180272147321842231e-03,-3.547795260734219660e-03,-4.725171446114907400e-03,3.251254504214949170e-04,-1.876815445618697968e-03,-6.645501018465879706e-03,1.339332242334437609e-03,1.458436661854651747e-02,5.844898261207868116e-03,-1.159516894337431778e-03,-3.882166844118469830e-03,-7.389538628624469502e-03,-5.458009880819734636e-03,1.276606524096592088e-02,-6.457047839226359026e-03,-5.742762697860883878e-03,-4.749915205904860389e-03,3.701839838694701533e-03,-2.921023663081907112e-03,2.977180624456599121e-03,7.278163795804767390e-03,-6.558259492565262326e-03,-6.432387611041981250e-03,2.950317057139772124e-03,1.277820433835947893e-03,-7.367825851194517370e-03,3.670287971877702390e-03,-5.234564848950255291e-03,8.612555376965468426e-03,6.506410597341958681e-03,-5.040087341572714076e-03,8.644751261622762514e-03,1.466130673468306409e-04,1.443088324831477004e-02,-2.573794557424890876e-03,2.806520464492136442e-03,-1.268572407095141207e-02,1.443238703274019215e-02,7.945487622391882165e-03,-4.390898099099520106e-03,1.448219416977310908e-02,3.395512417114415760e-03,-1.555406702713762242e-03,-5.629678277169341237e-03,1.326444329590655740e-03,8.240756479717061336e-03,2.597210798154146478e-03,5.398120483546438308e-03,1.380588201439374336e-02,6.288056013275614316e-03,5.629039141315504181e-03,5.715828981634933116e-03,8.041054163216817402e-03,1.350148243718818581e-03,-8.190849621153361432e-03,-8.585407777659662121e-03,-1.206058820680956309e-02,9.000368464412381725e-04,1.452035195602796071e-02,8.225899929225042456e-03,-1.110402976299027823e-02,8.217225308860710430e-05,1.695978616177366621e-03,-1.811396700661799686e-03,1.722413866560125809e-02,1.069977456978584915e-02,-1.301836129278401524e-04,1.088485300661136933e-02,-1.793980639539744307e-02
2.975985453548617068e-03,-7.849615099793431222e-03,1.025500957648844448e-02,5.185701769556314532e-03,-6.293124026715735293e-03,-5.056742175819874639e-03,9.145508006352689317e-03,2.150298809656795308e-03,-9.438946171858019277e-03,3.797583498608725697e-03,-2.012409080824650517e-03,2.806901316888323842e-03,2.359518112215102780e-03,6.737600825294633687e-03,1.524009585523927908e-02,-6.343187639249201447e-03,-2.166471872395705968e-04,-3.712419183831061707e-03,1.174733348259424971e-02,3.598166914377566149e-03,-1.033314034213637760e-02,-1.492160215091550834e-02,8.669717302009338072e-03,-8.397948639636823240e-03,-6.026319418910366064e-03,-5.720521826336106425e-03,9.305777708671711043e-03,-1.754486385171396406e-02,5.687178868983956172e-03,-9.042491520096883686e-03,4.575144123954136624e-03,-1.269355985337985125e-02,-1.369918710594816846e-02,-1.147242851568149730e-02,-1.459646321437206226e-02,1.056486617565156536e-02,7.581598694103218634e-03,-7.284573117162271988e-03,-2.064041094801236445e-02,4.789334524368329157e-04,-5.282702433729368841e-04,-5.253299596337638461e-03,-9.052627002388678387e-03,-3.186131216860296138e-04,8.182729888043114436e-03,4.566773124135780314e-03,-4.652650793619845550e-03,-1.444951356423303506e-03,9.372969665600663653e-04,9.829302277846967487e-03,8.634064392205863595e-03,-2.191470661630594632e-02,1.078750338751168891e-03,-1.689710916196499740e-02,-5.926817852116258219e-04,-1.721007801801544349e-02,-6.265991394827874657e-03,-8.260861802458920045e-03,1.090535905675538153e-02,9.499186057832759156e-03,4.118144208559612954e-03,-1.806861049970976893e-02,-7.689207552662415818e-03,8.729139611134670990e-03,2.607237757381209928e-03,1.752048247958853293e-03,1.079812378304172149e-02,7.985116629494751900e-03,3.086519807471415494e-03,9.933823404515325362e-03,-1.439892130007833573e-02,-3.086400943024572054e-03,1.167903069543549215e-02,1.107732677209711646e-03,-1.355117651401969818e-02,1.050812873315295657e-03,-8.238579975352638279e-03,1.277827148756871881e-02,-7.903273940012155510e-03,-6.073097767360384827e-03,-1.615793843834854773e-03,1.076311591048860483e-02,-1.348601357374841318e-02,9.679509386607502291e-03,1.681251354960918570e-02,6.007048932889229483e-03,-4.242666807519033384e-03,-2.055368527108921914e-02,9.061553737278588844e-03,-4.650315265865494901e-03,1.387403954157626117e-03,-1.012118953033107858e-02,8.587121732935378698e-03,-2.100947924005669779e-02,-1.929887900142394919e-02,4.499937756010693145e-03,-1.036694687886850069e-02,-1.396814339216093711e-03,2.332851457473369278e-02,-2.858757591284153549e-03,-1.485195516130582635e-03,-8.575020330326862256e-03,2.004397861249071489e-02,-7.057426663624006766e-03,2.180673334669220448e-02,4.052899468173446623e-03,-7.111112684044037721e-03,1.218518279099584795e-02,4.639274399657908853e-03,-3.566881284133837163e-03,7.889321174943540044e-03,6.814950354880397812e-03,-1.087252288764557518e-04,1.962377541599439300e-03,-2.215397111137802112e-03,-6.720552835028977684e-03,1.210291254362367772e-02,-9.940208250922557762e-04
9.414796199965238394e-03,4.829896016461828617e-03,4.674100115065854782e-04,1.088741438879243552e-03,-9.064714066824006156e-03,1.473007192009178224e-03,1.624207467429661942e-03,7.905910365507929846e-03,-9.011646348223718850e-03,-1.290554528292980722e-03,1.004808603245501038e-02,-2.300394997922476734e-03,1.376884954423578892e-03,5.066868365751042280e-04,2.104266165208278083e-03,-1.321749350328586337e-03,-2.406981242339966114e-03,-6.755404031360736500e-03,-3.239825675338469605e-03,-7.198203945626051661e-04,6.334164523964871257e-03,1.926088731883660293e-03,3.694369439641246883e-03,6.140575683815372061e-03,4.488336390329417114e-03,-2.759682048735429601e-03,6.372562722389988991e-03,-1.576978950444216793e-02,9.527836996264233251e-04,1.401652390565140752e-02,-2.503941697529917486e-03,1.599399621110745564e-03,-5.710159525686305491e-04,1.320003434935166156e-03,-2.345347731025559327e-03,-6.293342796988768764e-03,1.310458796635421627e-02,-2.046515120611479624e-03,-6.708635997057494846e-03,-1.614493877359980450e-04,-2.285548067950552223e-02,-1.061353904689289231e-02,1.966648643067941005e-03,-1.428828291696695833e-02,3.865313512351089935e-03,1.939246062594282343e-03,1.834926203755898183e-02,4.283600417661258264e-03,3.013329344879100893e-03,3.054121149064842420e-03,-2.919875796589689338e-03,-7.164366943951855403e-04,1.466405951143056512e-03,-1.143440577080695117e-02,-2.096875633190515859e-03,-1.279823204649450626e-03,-4.799749962535922350e-03,5.019974960954499098e-03,3.320485955696526013e-03,-2.286729236176461566e-03,-5.793229719832643362e-04,2.034112878604869661e-03,-7.825640812979600333e-03,1.632387805595326633e-02,-7.344311361865527195e-03,1.587377949198799654e-02,8.110577191320080329e-03,-5.296782672268195852e-03,-1.098557429911313499e-02,-3.183441709195130535e-03,-9.832122059082864032e-03,7.426578186010039488e-03,-1.562964314521288547e-02,5.153836037074391481e-03,-1.960447727926833104e-03,-1.441938892009613643e-02,9.811922429059736356e-03,-4.223061541854001297e-04,4.147935182973043131e-03,7.258557596697842729e-03,-5.472874257654401255e-03,8.252425078459364738e-03,-1.550375162941348625e-02,1.512192613413569121e-02,9.026024945844873457e-03,-3.120182337605967153e-04,-1.249531001930995850e-03,-9.115174818097869155e-03,-2.832601832032094827e-03,3.333276632117526759e-03,2.414278668962649421e-02,-1.149843524203420647e-02,-4.097168104584098750e-04,6.530784203942334790e-03,-4.011238626311301167e-05,-1.544188509597464211e-02,-6.020556316591027524e-03,-1.520541449659518207e-03,3.915813846933885629e-03,1.335224282001398017e-03,-5.626409971102561830e-03,-1.103644950445931486e-02,1.397192282833330246e-02,-1.351867728349021372e-02,1.910196556507046464e-03,-4.343522624095189424e-03,4.387493216118885063e-03,5.610950203649761082e-03,-2.658898434466043688e-03,-2.787098582997153597e-03,-4.145352876877372514e-03,1.667024493875927937e-02,-7.386425373562263003e-03,1.050048454140138296e-02,-2.593287059274666882e-03,5.627410842774773804e-03,1.433334282009995561e-02,-5.097268652668399645e-03
4.668796590627063113e-03,-1.727849529661444963e-03,1.310638835249101387e-02,1.112020738192582387e-03,-1.359217345979786204e-02,4.112465152762063460e-03,8.137790231976894722e-04,-1.671838048284916486e-02,-7.076411888283071563e-03,-4.407261704815140270e-03,1.470070871013256716e-02,2.033595127993323426e-03,1.312833777294826823e-02,9.850342710363668708e-03,-1.079822236116797368e-02,-2.571216820355129180e-03,-2.928036627990599373e-03,2.553919943319528027e-02,1.407086581257435687e-02,2.040554118193186814e-02,4.373814966889265875e-03,-5.949698784594615632e-03,-3.403385240549879694e-04,-6.588667165656874811e-03,9.026686149298928166e-03,7.464784103101512053e-03,7.208706920062524920e-03,5.410570144904346297e-04,-2.722141266238757139e-03,-1.198801756051907225e-02,3.163242109385079257e-03,3.123870670242461303e-03,-1.554816201363126574e-03,-1.724724609019644790e-03,-3.706211381524033340e-03,1.801129444703079103e-03,1.355198618535949622e-03,1.604037041764706274e-03,-3.269846040885661040e-03,6.905694808226281456e-03,-6.975696317761383158e-03,1.514685586357263428e-02,-1.287454362621895908e-02,3.269766220504512775e-05,-7.996135647150031181e-03,6.926305611869806346e-03,-1.156141262767898005e-03,-2.298204694933941861e-03,7.099640211158396268e-03,-2.585140912029376334e-02,9.384958578005630006e-03,-1.580331418085201148e-03,-1.274792139034629408e-02,1.096733510003016984e-02,-9.425328808029584393e-03,-1.109384607211033949e-02,1.744310355551629416e-02,4.525327979510796253e-03,-3.793600018324039171e-03,-3.175754364732409456e-03,4.772211779047426557e-03,-6.744937070922567843e-04,-3.797514107541580773e-03,4.506378178208984148e-03,2.006797400513777360e-03,-6.029641627777922175e-03,1.309721892377841736e-02,3.628670981230311052e-03,1.251462081816404927e-02,-3.380534261373727058e-03,-9.575591084169034206e-03,1.446048385392282622e-02,-4.275197564047334559e-03,8.707635487956662951e-03,2.730631564997427173e-03,-1.198432578613621916e-02,2.668106928601288695e-03,-3.675950858039085407e-03,2.872731809196889512e-03,-2.745620557909898233e-03,7.293596381367595770e-03,1.991554174874936647e-02,-1.852336996468609276e-02,1.140185387329351041e-02,-3.601729216568341080e-03,2.009908613551010872e-02,-6.890293800683748929e-03,-1.645169968869665891e-02,-1.013685252918029465e-03,8.060141636737808146e-03,2.181530604527022726e-03,4.903157954875489444e-03,1.342916042440689059e-02,1.876956716938020173e-02,3.471240627788966214e-03,1.115259359452443460e-03,4.837903424505507304e-03,-1.601389561210446108e-02,-6.782724867643853857e-03,-6.393517720188397237e-03,-8.629176907851615619e-03,-7.939402674742054140e-06,4.299989764170924177e-03,6.971669384765145742e-03,5.179824384616272398e-03,3.869903329801678647e-03,6.467609318138382857e-03,6.098893974663484232e-04,-5.318927280258747836e-03,-3.644751694147235787e-04,-1.662699068411578260e-02,1.158639011620371702e-02,6.389946204337858780e-03,-1.005665709887552765e-02,6.215643193640595608e-03,-9.497617984439356287e-03,-1.190738507376957285e-03,-4.651724936984539746e-03
1.677221300036606461e-03,3.546836169432518188e-03,1.720410552581652652e-02,-5.359690353282538060e-03,-3.270604289481611731e-03,4.462566397452528630e-03,4.784065591713856404e-03,-8.090757356188468113e-03,8.337324942638365058e-03,9.548944266045198206e-03,1.675646731489178337e-02,1.569696744763965715e-02,-1.486248065518535602e-03,3.934073883930080777e-03,-2.217845302598477064e-03,-9.200844854226317843e-03,-8.107623133457326353e-03,9.257757844424204310e-03,3.762972359595494719e-03,-6.175124738762413808e-03,-1.239410892059207396e-02,1.511755605773267529e-03,-7.417096814225363106e-03,1.862649976904683785e-02,-5.886499840188864560e-03,3.613530951154209862e-03,-4.148162895785246704e-03,-2.989378058587366729e-03,-5.191595658878765153e-03,-4.723119943129524580e-03,-8.423266256382440018e-03,1.861495983982214275e-02,-7.484347205964092704e-03,-7.267180165942763040e-04,-2.362166113898460373e-02,6.572662728089149900e-04,-6.213466132005730086e-03,-5.430392360390550767e-03,-1.380064783933943008e-03,-2.361590558087765020e-03,3.454360394648459814e-03,-3.873589689453279823e-03,6.278026365641804947e-03,-1.934755747058632819e-02,1.801697558798785737e-02,5.512879967345440772e-03,9.277280190910043578e-03,-3.596515091148424093e-03,-5.120021700702001403e-03,1.417022892409935432e-02,-6.003247091515603873e-03,-4.540869597950005811e-03,-6.127298937779542161e-03,1.057101564607877860e-02,-8.336297884661220473e-03,1.499943778110737411e-02,-6.939401288912501117e-03,8.832205907115428870e-03,6.808528310221503323e-03,-3.124675641342037138e-03,9.880693080846998655e-03,-8.723970866261570017e-04,6.825801966284543963e-03,-5.737397114600143594e-03,7.356820927608122285e-03,-8.738221505342428502e-03,4.170170612754266551e-03,2.090894455672175599e-03,1.765600951929941625e-02,-1.072252264516347468e-02,1.632948525238530485e-02,-8.541689562525387261e-03,5.794001518548120254e-03,2.596539916570317179e-03,-1.482401343537268802e-02,-1.491455465929412277e-02,-9.036036873835548086e-04,-8.582461080157556370e-04,-5.925040994822294328e-03,7.739165192393548248e-03,8.766251713391712481e-05,-5.312246485446437023e-03,8.041366145475837201e-04,-2.974429377698712806e-03,-6.163769607954523895e-03,-1.105488612512717413e-02,-4.441179741916193371e-03,1.018768803348685595e-02,2.511964744441911972e-03,8.062618102065540610e-03,5.311880250485547829e-03,4.910817153458183273e-03,-5.774340788646205834e-03,-2.433921014423464074e-03,1.988078681466100457e-03,8.539135826874847887e-03,3.011886458784582016e-03,-5.638391407648490894e-03,-3.203923225847183959e-04,-1.079529419437458802e-02,1.727077310232956811e-02,-1.035560736772100227e-02,-1.490715494932565860e-02,8.057226311510543720e-03,-2.540264092104099931e-03,-1.966219385390175454e-03,-3.135749623128852512e-03,1.115064039714385759e-02,6.664208065645702006e-03,-1.197312939361139424e-02,-5.242441818757016640e-03,-1.336302096557395215e-02,-6.419946147478096735e-03,1.244241495575069273e-02,5.403311275876865674e-03,6.215339862767741861e-04,2.305619027380920952e-03,6.729186841303685419e-03
-5.530220109008953527e-03,-9.146217022791279169e-03,-4.511412124877402924e-03,-1.225916209986689653e-02,-2.139554670515883376e-03,9.769497068747055174e-03,-3.103726409291980744e-03,-4.216522199030269154e-03,-1.524681062329514116e-03,-3.757587656735194605e-03,-3.723102170142675825e-03,1.153550304745310645e-02,-8.316704393399258766e-03,-3.252072366388331515e-03,1.646360040211788901e-03,-9.791039770935134820e-03,-3.237534975468797562e-04,2.595473325325371727e-03,-1.386839731815625587e-02,-6.239605761428127645e-03,-2.567295612838856305e-03,9.931602224432747872e-03,2.985968882063868429e-03,1.007230236277415099e-02,-4.303501817559109328e-03,-1.038169660900443818e-02,6.213596011378675829e-03,8.463112758179699643e-03,3.173627353779208665e-03,2.068530709711104837e-03,-2.832273501139167659e-03,6.748330940877920146e-03,-6.265221856128543564e-03,-8.317543912817386073e-03,-5.445070704405499847e-03,-3.169328672294780512e-03,7.833118514616623212e-04,-2.799802767088500465e-03,1.558964984633116023e-02,7.816533781749533671e-03,6.277392227335236267e-03,-2.135510924090733374e-03,-1.447310917749173274e-02,-4.593126419033768081e-03,-2.715129142704907073e-03,-6.388933865305188899e-03,3.608494088974716334e-03,-5.098167002151228651e-03,-1.164057925019045502e-02,-4.825873756563107790e-03,-8.356607365457572462e-03,-8.098125534140274834e-03,-9.129167082095205948e-04,4.002200193206376273e-03,-8.555321724384454610e-03,-9.764263406858634045e-03,-2.173335994660723774e-03,1.159481851903028035e-02,9.447797234946085990e-03,-6.218555777825654322e-04,1.197929298680912996e-02,1.352573804090840062e-03,1.849301145641384396e-03,-1.350354577112782267e-03,1.423498267322453534e-02,2.753443401353833798e-03,3.994764015116476254e-03,1.318064208072429119e-02,5.456614542106956803e-03,-2.286329185086547790e-03,1.527945535556769069e-02,-1.708737673228642208e-03,7.090381185069057936e-03,-1.032283953653695234e-02,-1.202826578914902717e-02,3.016534095523432015e-03,-1.048157656368780069e-02,1.045740613733999597e-02,-4.713148743923730247e-03,2.525857348471825022e-03,8.736059625129785622e-03,-1.098199286962976001e-02,-1.496499510809722044e-02,-9.473116016240738096e-03,-1.287759971986352815e-03,1.480194486218631630e-02,-1.818330868179528909e-02,-1.120612096121580137e-02,1.639864176115989058e-02,-9.591989856282505389e-03,-1.426088155457098071e-02,1.522478233140969230e-02,2.140323424533874383e-04,5.484377984706430460e-03,-2.565479997230442170e-03,1.137741603363098689e-03,4.944229526426592060e-03,-2.063093552102655479e-03,-3.019068713395180788e-03,1.584115166135585413e-03,3.308330437190706765e-03,7.686648993168179560e-03,9.622488843241987959e-04,-2.252969274444386466e-02,-9.253617408389928217e-03,-2.776463029824804041e-04,3.876766693406695258e-04,5.558686974968781239e-04,-1.027623260090485360e-04,-7.562226913468376478e-03,2.134949474436921742e-03,-6.817588999448720259e-03,2.104191062249391453e-03,6.095368641217913282e-03,-3.466061089100766035e-04,-2.244437362454096765e-02,-4.668688976302460148e-04,4.750941062974369596e-04
1.352892506156909078e-02,2.090768820003817766e-02,-1.264872623595987913e-02,1.269932194567704661e-02,-4.725999826854202987e-03,-6.123096578739131886e-03,-1.908473323064793087e-02,-2.201927908795612340e-03,6.769858544163067163e-03,8.202664470893163140e-03,4.181501516785472716e-03,-1.279220760535596142e-02,-1.640660371592306266e-02,9.398835503261829261e-03,1.105574772665772303e-03,1.304987426005820191e-02,-5.053411386242777185e-04,4.504273585882855729e-03,6.749101718916831853e-03,1.544173195636256140e-03,-2.494861127337001314e-03,-8.366806008525020169e-03,2.404972226268167410e-03,3.203906141192936971e-03,-1.366177791600621007e-02,5.918352191349792769e-03,1.425352285844241028e-02,-2.103392872799309324e-03,1.200746153307978743e-02,1.058323576935954295e-02,6.952047867362921331e-03,-4.248773715913452612e-03,-5.754502028792181194e-03,-1.836884192954976736e-02,-6.141118792805521850e-03,5.366106187868246828e-03,-2.168940244128216184e-03,-2.098343988348968007e-04,7.032460325225222547e-03,-6.520157143026641261e-03,-6.227447921014377281e-03,7.950417119740373420e-03,-6.025642499198971547e-03,7.518600670885325875e-03,-2.507077721959895429e-03,1.027043580727917023e-02,4.571868211473035896e-03,9.415773926468418153e-03,-1.675535770189014477e-03,3.128567488965871331e-03,4.380521906518924230e-03,5.634241145461870749e-03,6.980950783050430576e-03,7.200793664745639214e-03,-8.516605902043462503e-03,1.772540741116422104e-03,-1.072977526430295321e-02,-4.959505253801466075e-04,-1.424291440452432438e-02,-1.385674543661883328e-02,6.034245558840001765e-03,3.157397523472975191e-03,-1.186743999519809974e-02,2.598811273327240184e-02,-2.336131191135276414e-03,-1.325421017879507357e-03,1.062487248242147998e-02,1.527181169546344100e-04,-2.995509527533954039e-02,-5.779630111282112875e-03,1.039322823898844450e-02,2.129162772424300013e-04,4.016415887385135601e-03,2.152377924739305726e-02,5.511350127813490624e-03,1.277576008910670177e-02,4.897006621034639918e-04,-2.951232885336426554e-02,5.745232065440493592e-03,-9.086855703949061171e-04,-4.948036328673183779e-04,1.026831833854590509e-02,1.136712724746276239e-03,1.495552551093610994e-04,4.401581822399860781e-03,7.968265494039502433e-03,-4.364594381738871919e-04,-5.663189822133953694e-04,7.484028086984893672e-04,-3.879498672311733950e-03,-2.283953065848041974e-02,1.721894204198434059e-02,-1.187774299852458349e-03,3.678670312454403266e-03,-1.281287205058782332e-02,5.212963640172114249e-03,-1.989716808403194787e-02,1.926133257436501642e-02,5.183198092393966798e-04,1.636041048070887780e-02,-1.104319647486934515e-02,-2.058153652480441270e-02,-1.164649362111259620e-03,-7.309594561121697705e-03,8.685921511755349345e-05,-8.335388779265997866e-04,-4.054300209698971993e-03,7.551514412723846041e-03,-4.136752037684314487e-03,-8.008783258516637138e-03,7.886012969338863920e-03,-6.170179708610036562e-03,3.817079730764765238e-03,-1.244828471949498139e-02,2.792205051086212812e-03,-4.760633231548509542e-04,-9.390089710623331781e-03,2.593467291260881532e-04
-1.434752413650856699e-02,-8.717314570541744370e-03,-3.135467787485617802e-03,6.619788707727080647e-03,-1.248418040381495640e-02,-3.412364408490438719e-04,2.891383728743538578e-03,3.741964377352237966e-03,1.024006518023579289e-02,-2.072026811580094177e-03,1.384624010052045058e-02,2.266982312472411078e-03,-4.154973664877961020e-03,-3.074111126897561067e-03,-6.090667197027397999e-04,-6.753226979011625435e-03,3.720507276354689634e-03,-7.801524179254516397e-03,-1.083532420628230929e-03,-9.680138488403058905e-03,9.369542158504702220e-03,7.185256018264163727e-03,-6.992984937767909165e-03,2.160334597706205142e-03,-8.806441779492848662e-03,9.375708787855228932e-03,1.424645197283605155e-02,-4.854458122172354562e-03,7.652960293625671187e-04,-9.830504706731350850e-03,1.937315540772474587e-02,2.946647620322994949e-03,1.067394195950586641e-02,-1.359379213133812651e-02,1.248649299523121176e-02,1.493431870656326257e-03,-5.484188738979785434e-03,-4.259051940565454324e-03,5.474859580984949708e-03,7.904400054105375356e-03,1.362666480493711666e-03,-1.699591779379338446e-02,2.129957276937214511e-03,7.106374260474884220e-03,-2.631467969778895390e-03,-2.481090510226117898e-03,-8.499070852415654617e-03,-6.845342258482584865e-04,1.544711870530240385e-03,-1.687002643067339602e-02,-8.663184356945807102e-03,1.144046077289509336e-03,1.925575799056255504e-06,1.059690488134126807e-02,-5.151507115459205179e-03,-1.078743005455494279e-02,1.290576801437054617e-02,2.849302017523767331e-03,9.362721979578613601e-03,4.664854773740722930e-03,-1.026581840902755956e-02,-7.935797175078206783e-03,1.289223540577826531e-02,7.515807810353988556e-04,-2.823743307586103917e-04,-3.286478265908428318e-03,1.231804040131085493e-03,-3.506664207773995540e-03,7.591755668590735237e-03,-7.373639593562909085e-05,8.637537946466015623e-03,-9.501011632867848583e-03,9.228196463927810372e-03,-7.604692691136470022e-04,7.146004158742648438e-03,7.440474786540932951e-03,-6.348209574196361955e-03,-3.664919016502005914e-03,1.175105039323112027e-02,2.073594274794549747e-02,8.501688633418776064e-03,8.165111644603999588e-03,-9.277745068008111731e-03,7.795408492087979070e-03,-7.443868590675857370e-03,-6.131444116063932553e-03,6.324884765954738239e-03,1.326732066579921652e-03,7.153235450054982840e-03,1.459517770964719168e-03,-7.448197457527963583e-03,3.624138437453529402e-03,-8.652368993909548972e-03,9.562209052088151834e-03,1.063489645676962561e-03,6.807960806098327898e-03,5.868108180437141275e-03,-3.885897962700802892e-03,1.097387916478306628e-02,2.649992876313545659e-02,1.090871670631579464e-02,-1.321774400678070698e-04,7.172749357493234633e-04,9.608072238109565538e-03,1.401462069115770072e-02,-1.562871490627296481e-02,5.397933893811131603e-03,-2.852237631415457551e-04,7.623707577441701626e-03,6.223030196653638740e-03,-3.688323276211319737e-03,-1.293817315965212385e-02,-2.266509368861606725e-04,6.135874903362515363e-03,3.606262467889808114e-04,-9.916600169719317834e-03,1.698434694998088995e-02,-6.321144622031297025e-03
-8.889626709182453512e-03,1.031042048630003913e-02,1.661610531964026862e-03,3.535843659948029270e-03,-2.982288041698896545e-03,-1.761344594909811925e-03,-2.318846173476398452e-03,4.437208763342677040e-03,1.927971690590483955e-02,3.432017509402153586e-03,-9.004016207653351865e-04,-6.951777952188342193e-03,-4.128557176123453208e-03,4.030077472957961822e-03,-5.631680347131467037e-04,-4.411331903949071952e-03,-2.500463378184373045e-02,-6.946248711750973616e-03,-1.549685609933421256e-02,1.229145879691904975e-02,4.375094623160166209e-03,-6.329264586192724813e-03,-1.095181904504692431e-02,2.090687327139237068e-03,-8.827139102246056796e-04,-8.400087316306405205e-03,-9.680116932924304760e-04,2.650628128749731287e-03,6.947620175451218495e-03,1.567853535324037137e-02,-2.059841954908321442e-03,6.689470413727829218e-03,-4.609041444999077003e-03,-1.124972544446335015e-02,-1.848883800316001788e-02,-3.913641738005897534e-04,4.365578080861491281e-03,-7.802053849962052763e-03,-1.520709796322225471e-02,-6.553692437569609737e-03,-2.524664798474691237e-04,-1.408946750404514725e-02,-1.326122589991141770e-02,-1.849851597637588519e-03,-7.364803950937542747e-03,3.330347728099284851e-03,1.609141001661795181e-03,-6.146642730291142567e-03,-5.997655591719015973e-03,-7.895558941439430323e-03,1.201664037522149481e-02,9.183226408287174097e-03,-2.054468012507234230e-03,6.955435248832088878e-03,-1.577533786269773308e-02,6.692959945315247149e-03,4.142865576662736575e-03,-1.331047779627559475e-03,-9.716362244839970436e-03,-2.763455793384184903e-03,-1.750811469575909787e-02,-7.522031890337972822e-03,-1.953061614387067296e-02,-7.376483738715481665e-03,-5.162105422078723700e-03,-3.083391341048824161e-03,1.525619314952875822e-03,-1.236732039405399018e-02,-7.890781001692308977e-03,-1.044010995377402194e-03,-8.933272896688458642e-03,1.080630250805464550e-02,1.729478711258761875e-02,9.079259209811861358e-04,-2.666029180862665871e-03,-1.399086712112688601e-03,-8.931267831195868756e-03,-1.842729001550045664e-03,-1.076624708473987967e-02,1.970364783449606895e-04,-2.317671527560903957e-02,-1.060976892295073699e-02,7.118941310423736353e-03,3.742543073983103366e-04,1.584180845793083450e-02,-8.089496383435838475e-03,-8.020946776709560536e-03,-4.083240487928093895e-03,-9.601350574689799036e-03,4.833977127282662427e-03,-3.499660354490451240e-03,-2.911337078625677970e-03,5.427318463416354322e-03,-8.973502179475026375e-03,-9.225704839666724541e-03,-4.455124230420293499e-03,-1.988737158438387814e-03,-1.287271502277755574e-02,3.695682917168631888e-03,1.515155699383802408e-02,-5.400406259281767020e-03,-1.328934068509352896e-02,2.396620590088160540e-03,-7.864733453111352746e-03,-5.313874979225662043e-03,-6.367342977798509489e-03,8.528101807497009967e-03,1.058189444789237738e-02,-7.802596013734451261e-03,6.818888076304307870e-03,1.714276866532904106e-02,-4.816544145891110684e-03,-9.588773796988109277e-03,-1.461247042424690650e-03,4.129779827954951216e-03,-1.014332340752857739e-03,8.303430631064721845e-03,-3.278257117752487933e-05
4.509134581269943348e-03,-1.565798924519790991e-03,6.014690599082046611e-03,6.229599621415763192e-03,1.056045198334737943e-02,1.424601151967877901e-03,-7.115553518062196596e-03,-4.885685718110491932e-03,2.798806997099162822e-03,7.235298253141746530e-03,-3.742870036192009163e-03,4.984096271134467668e-03,3.373234669715889211e-03,1.075954862296858109e-03,2.683520517908462646e-03,6.068646006969543455e-03,-8.002308331703433461e-04,-1.803916264509268031e-03,-7.142823822282339842e-03,-1.004915212194074699e-03,8.848993050375095898e-03,-5.915119643942780107e-03,-1.108658234803653296e-03,3.489564617018168884e-03,5.967990344527162282e-03,1.198310431964586323e-02,1.152576793719831127e-02,3.247720076557468211e-03,3.942348626653178166e-03,-2.060835275279954224e-03,6.362194721752402471e-03,5.010952592613703059e-04,-3.501728865055122762e-04,-4.610707533304035828e-03,1.959619771396817201e-02,-3.611587512423463774e-03,3.415857020989062492e-03,2.911559068052688246e-03,-9.781433270543765310e-03,1.668735290610356276e-03,5.578322833334837041e-03,6.331721614014389904e-03,1.934520682606897992e-03,-5.034751147406408764e-03,2.568855865745633808e-04,3.816260791930820104e-03,2.088901148240694672e-03,1.486558723235639800e-03,2.203273003942566709e-03,1.180135251264689301e-03,9.393364369863786483e-04,-4.666014531584973535e-03,9.124922732793394262e-03,5.826552301230474191e-03,1.969331658153395531e-02,-1.982576964744203751e-02,2.544789775517295252e-02,1.726415049403614080e-02,2.636091020850822499e-03,-5.988837060397063546e-03,7.532909949838638257e-03,1.401545757513440738e-02,-7.001054078602161716e-03,3.334491852578833678e-03,9.262176674429896048e-03,-6.663256966389522682e-06,-1.786751347382230584e-02,6.892801470690271097e-03,-6.954429893896740301e-03,-4.180915322194049544e-03,-6.673537720899474883e-03,-1.764374086217337283e-03,-5.909612572863739369e-04,-3.347459069144188316e-03,-1.012766496062005505e-03,9.509726075473819498e-03,6.246853133870067937e-03,1.004614122401564953e-02,-1.350866766646255032e-02,1.142878344539968380e-02,-8.384745481532927119e-03,-7.802013840296739312e-03,8.539050685864373394e-03,-5.565530732335001625e-03,1.152230555750203254e-04,5.433252258822656409e-03,4.470430638478039599e-03,2.464127544670178735e-02,1.686811947719741743e-03,-3.288965600214779818e-03,6.005419377654665040e-03,6.791603014097369329e-03,3.861137488914868389e-03,-4.514539291050901834e-03,-6.012149602701668573e-04,8.777231269832293584e-03,-4.944739449087276993e-03,-7.064679214703431173e-03,8.775319676971116492e-03,-8.212509480956331834e-03,6.547083564039575011e-03,-2.883784542786101569e-03,2.102230836460584028e-03,-3.108289875559567313e-03,8.374604427312207222e-03,-7.840148012234721825e-03,-6.282401336601526991e-03,-8.539422918668661613e-03,-9.512880143660416496e-03,-3.623195147362701530e-03,4.607189646781920805e-03,-1.556759508405304842e-03,-4.209104086298252369e-03,3.094737525918090076e-03,1.700743971176773986e-03,2.979060606234387298e-03,-8.182242276564749561e-03,3.982721110589214700e-03
5.122979324217333263e-03,-8.332404185727134913e-03,-7.602757271200430086e-03,7.017053114908515521e-03,-7.002751208686566059e-03,-1.464376836806865166e-02,1.738386012393199119e-05,-1.283962284437746050e-02,2.626861771222955156e-03,-1.061623976881240737e-02,-5.575364981708519352e-03,3.084019054196742923e-03,3.353864702785085139e-03,5.708787242391442744e-03,6.367570350813001176e-04,-3.612191491623645712e-03,4.074803016170951836e-03,1.306148300959475775e-02,-6.134577500020135972e-03,1.228464272037521447e-02,-2.243345526697184018e-03,3.211102765414892458e-03,1.325183011407934930e-02,-4.126548577399532548e-03,1.446224389767273959e-02,-7.244003963552236858e-03,-5.247919947658723390e-03,-8.083918155226143404e-03,3.006638972336320680e-03,8.609386076077720634e-03,1.243185216663062267e-02,-7.061452391990750803e-03,-1.111127426258696517e-02,-8.119879238897514603e-03,6.787471240901941406e-03,-2.072731961959094812e-03,-4.207333692225669747e-03,7.878302288666379216e-03,9.813857451847832203e-04,-4.924769180464742824e-03,1.170696340376237111e-03,4.355386010816460728e-03,4.564695509427063591e-03,-4.887206139922714750e-03,-6.835094224370428162e-04,-4.929886998967366804e-03,-1.612177424988585784e-03,9.134620596044877930e-03,6.948671825849728027e-03,8.670808562845196132e-03,4.320768849339772996e-03,-5.710719409606218253e-03,-1.685652453135966895e-04,1.048207711861397738e-03,-1.717401663619304818e-03,-5.563624329813722860e-03,-2.015615874714755604e-03,-2.955350577883736774e-03,3.529192660618111869e-03,1.253080711989000735e-02,-8.159804875398283044e-03,-3.658923886942224649e-03,1.252136486470248680e-02,5.711588286727447422e-03,-1.136542806803556190e-02,-1.011606016487620607e-02,1.296313453835454613e-02,-3.753455708120561913e-03,-3.801683523834305939e-03,-9.483625132000907468e-03,1.501305506053712130e-02,-5.893869501641358158e-03,2.542649755465304154e-02,-1.068464376574247872e-02,7.356931041237935523e-03,-5.694188339313245237e-04,-1.165796681294042902e-02,-1.383574099432598875e-02,5.529337029323322036e-03,1.153782463577613868e-02,-5.009331417662958585e-03,3.536007627464650849e-04,-4.052888440547746003e-03,-1.557946657583501350e-02,-2.832446458431263077e-04,4.574414784004106490e-04,7.457999350259670972e-03,1.119494751218267845e-02,-6.603775717785070193e-03,1.564480795613650346e-02,-1.010786631177499435e-04,-6.133319590663712309e-03,-3.042026624338805673e-03,-9.015599253695532472e-03,-5.276411265972715155e-03,-8.110925756417832616e-03,1.791403420699396332e-03,-8.033148438178989992e-03,1.298632612389209393e-02,-1.773381680001221913e-02,-6.208790871212750868e-03,1.196071227734670298e-02,9.008859106872955935e-03,1.567224841907878356e-03,1.285966348977419030e-02,-6.816768569390729837e-03,-5.209289546861076581e-04,6.694100871086677753e-04,-6.436908394601721824e-03,-2.824367863341973803e-03,-6.172707592939098958e-05,-3.532471765751167905e-03,5.227530519624305587e-03,-8.315069442072997802e-04,6.022224218268603345e-03,1.087700938416400441e-02,-5.861556965633045284e-03,-5.460806137231435757e-03
-4.779614650838628388e-03,1.777562767619532760e-02,-1.282356612015970662e-02,-6.035001527749568780e-03,8.805121325694491297e-03,-6.848193061796583291e-03,8.908596649839607001e-03,9.990164228054830391e-04,-1.199133287654877318e-02,-5.831829559538818236e-04,5.207613617352050382e-03,-4.939997461874104726e-03,-3.671302870033715630e-03,6.242030050122572733e-03,-1.122946984484672443e-02,-1.292340735820905230e-02,-3.312745919117487600e-03,1.351230302922594960e-02,9.504368258230725883e-03,-1.418640074150269784e-03,-1.379707312759856841e-03,4.146180339495639244e-03,-9.663768110926633861e-03,-2.176391265980792342e-02,-4.265198216294556477e-03,-6.371520795242473743e-03,2.526986158559195572e-06,2.390474405422676838e-03,5.922831655779501811e-03,1.265227134078883257e-02,1.414521172777203316e-02,-3.970803404813610764e-03,5.796368747020788637e-03,5.064852734458048312e-04,-1.351803320499369437e-02,1.638844126841004084e-02,7.142794367678473658e-03,1.876298794975180938e-03,3.348035501246753379e-03,-5.882240613085242681e-03,8.327508781094753940e-03,-6.389235892994600194e-03,-5.946824975231231568e-03,-1.566978176639425083e-02,3.882121675712339477e-03,-2.742342520074259309e-03,2.081827899730859764e-03,4.692583281664533881e-03,-7.705581618260195619e-04,-6.448657539761471630e-03,5.944839602628398077e-03,6.761349011115732732e-04,1.107388054538198992e-03,3.211811461303375886e-03,-2.139073888725125452e-02,-1.171080296724664668e-02,1.324848612943352322e-02,-3.004734841087773872e-03,-5.318172755765500880e-03,-4.074168925452862321e-03,6.274379046784985675e-03,9.034156115401254308e-03,3.120444420049150406e-03,1.012534304309200238e-02,1.125146558641369103e-03,1.192273110097033517e-02,8.372270355380033793e-03,1.923373565530746981e-02,-6.893581901344938978e-03,-1.179746076655265648e-03,3.098316457732844080e-03,-2.488238347573167985e-03,1.456670617287062798e-03,3.569309616350037633e-04,-3.570583169598932991e-03,-6.116358398022305994e-04,-2.388624556718572066e-03,-1.081827942340709246e-02,-1.464563897565688069e-02,2.034200932674041194e-03,-1.499164680403823786e-02,6.757109806470974062e-03,3.035293226195731955e-03,4.209531406864397939e-03,1.633538977407829069e-03,3.079325945724826086e-03,-8.921545505123114686e-03,1.502772825847523922e-03,-2.857190507886485376e-03,-7.451239113364739597e-03,-1.886234490753483078e-03,-5.571809554985940501e-03,-4.781768742535309757e-03,6.650270910452781535e-03,1.355776156808443994e-03,-1.540720389016377555e-02,6.762271083712392307e-03,1.596665619781104106e-02,1.320477676060747771e-02,-6.607144592119772175e-03,5.769441022286116681e-03,-1.250724063672667072e-02,4.289740217413432095e-03,1.441694815099600971e-03,-1.746878521215121036e-02,1.601629401865359292e-02,-6.967958654091070160e-03,-4.510866055740703922e-04,8.797546122279729583e-03,-7.621291602722841127e-04,4.848371436226997858e-03,1.481174812755151234e-02,2.626728564681613670e-02,3.682511985763840204e-03,1.820414228630378101e-03,2.165590446547224334e-03,-2.414201011539206590e-03,-3.915414786800443248e-03
5.996359555871535151e-04,4.689006500708914338e-03,-1.811888499039818884e-02,2.438739359474639010e-04,-1.814834880003934198e-02,2.683761083171802998e-03,1.387514365093648304e-02,-9.816023920449388693e-03,-2.852569800874421146e-03,-6.989672526111475291e-03,1.131414891590467979e-02,-4.306006179112127283e-03,-6.308522018730826353e-03,2.246419200142828459e-03,1.183262586173219541e-02,-9.640718928058835888e-03,9.412022131207561232e-03,1.247135985687662825e-02,1.029137782146184732e-02,1.113709670092531689e-02,-2.677277131391769469e-03,-2.086373752832449790e-04,1.124110853418326846e-02,8.081997111995405624e-04,-2.178094710912497484e-03,-9.646042876033225633e-03,5.831008465855593188e-03,-2.572656777792630203e-03,-2.823025229666519583e-03,-2.086923433131031118e-03,1.780545887476789671e-03,5.776697152562056646e-03,-2.072409086124981162e-02,5.710871972533751624e-03,4.353430778175613504e-03,3.713143963835119701e-03,8.234189456205629962e-03,-1.177255405285008560e-03,6.238889882903065395e-04,1.597180162920499094e-02,-1.157553496467729134e-02,7.754909858638127547e-03,1.380593781764631774e-02,-4.358232210523622918e-03,3.946802433484241680e-03,9.125646606415406883e-03,-6.095052211973695433e-04,5.633713550500050321e-03,8.698040281925395120e-04,3.027765529570390982e-03,-3.604450207517644490e-03,-1.128973238287494206e-02,-1.749639999917367321e-03,3.136489192954621582e-03,-9.013739008237162467e-03,-9.126319695784769134e-03,1.509073144361774629e-02,-1.228386949932041596e-02,-5.773788843116427552e-03,-1.999176902007991814e-03,1.446987085488658613e-02,-1.912334658345167526e-02,4.063748385068987820e-03,-8.269640852519634724e-03,-1.192521064186427386e-02,1.325259069990220506e-03,-2.406340981177426501e-03,-3.315890125198455384e-04,6.790627537342440109e-03,-4.093843153826748002e-03,3.227220558982343748e-03,1.517862351176586626e-02,-2.754406648283048813e-03,-1.112546923611871293e-03,-7.658825306978285855e-03,1.589014472850853879e-03,-5.064543504204180487e-03,4.457716966167202255e-03,-3.709446210176242219e-03,-1.268570997128381193e-02,-1.809162695609132718e-02,5.002598590147790472e-03,4.168702284444781789e-03,-6.488824985322039912e-03,-2.540839706169916931e-02,-2.605968756264355566e-03,-4.900836897138835004e-03,-5.046032114439594728e-03,6.267559039780753148e-03,-6.983431597977973575e-03,-4.331873853712405863e-04,4.738699367943915650e-03,4.891467206650775522e-03,-6.124486107973749031e-03,1.039414750496849135e-03,-5.626393030830320434e-03,-7.253534030327198935e-03,2.172238782253211806e-03,3.846717152097153380e-03,-3.109819449220797491e-03,9.755509060727210469e-03,-1.012280544148255241e-04,-8.121457340409409323e-03,5.991704419963133320e-03,-8.498419113450788806e-03,9.888115711602182833e-03,-3.861313160864125738e-03,9.572206688807698908e-05,7.634163022973342212e-03,-1.426089182381518050e-02,-2.156810692833725437e-02,5.563467101279485558e-03,5.497288708709154210e-03,-1.107369160815598920e-02,-3.678318404010555345e-03,-1.334119191996050715e-03,-4.285203335145779308e-04,-7.306905858810549409e-03
-3.677174859863858569e-03,-1.439986013238823449e-02,-6.345068350336277878e-05,3.805380055967133406e-03,-6.306063816908055730e-03,-9.780328254457909196e-03,1.671108675158777986e-03,-5.027143910821730080e-03,8.523948009383585864e-03,-1.385315857746594742e-02,2.356403870623441366e-03,-5.633753765438917135e-03,1.946287157895000910e-02,-6.156175998979242919e-03,-5.579860135723549441e-03,-2.769343538124579684e-03,-1.071858165205371270e-02,-6.560490799838584672e-03,7.249916703437242829e-03,-8.152850985625651956e-03,-1.838740051572821483e-04,8.340319170187899481e-04,1.019623550255492530e-03,2.204624330031370455e-02,6.263811759586069595e-03,1.909552240917140094e-03,-6.768008415556637548e-03,-7.908216492240157519e-03,-1.428253062824969000e-02,-3.758724361372413510e-03,4.036254882365665313e-03,1.960542596932856891e-03,5.756885494829933753e-03,1.386406526803777607e-02,7.408465056129339386e-03,1.338616733852701461e-02,-4.806311840779529942e-03,-6.256461011334472910e-03,2.532895334523915798e-03,1.030646928730107742e-02,1.520748043903515090e-02,-8.816247909045715585e-04,2.842995628955703128e-03,-1.496824999304410386e-03,-5.416110377438691434e-03,-7.913209422150735200e-04,6.496778861456574405e-03,3.373599497679105087e-03,-8.259246840794501332e-03,-7.397549877547832586e-04,-1.127271676903545371e-02,-6.929267671423241029e-03,6.349577715471284127e-03,9.890666934050735409e-03,1.079968308964293459e-02,-1.014135988097167144e-02,-3.603064903023482386e-03,-1.119414517456893523e-03,-2.015512909461027527e-02,-7.227693840350879473e-03,-8.582534069459578016e-03,-9.149966457392745903e-03,-2.894006172540009372e-03,-2.251728459492096865e-03,-1.145930976184325600e-02,7.117632359948907091e-03,-1.894385862085154948e-03,7.147819386501989836e-03,7.863591306212534349e-04,-1.859918665586590735e-03,-2.152950362508917245e-03,-1.179224383976063342e-02,2.071504759131591409e-03,-1.601796648908745263e-03,4.781032133776148309e-03,-5.932060814302832046e-03,1.159715768333871317e-03,-4.859073076850490593e-03,2.854737845454441685e-03,-2.774080245752541421e-04,-5.239953203043098279e-03,-6.923325701043280857e-03,-3.338723301316320891e-03,-1.033081518221222114e-02,6.371412313870594354e-03,8.546956204145108454e-03,9.843172694044634990e-03,-9.051577683267038321e-03,1.122411907885862391e-02,-9.622403752546424341e-03,1.612800935500165135e-03,6.452372331327093855e-03,-6.461574455886413132e-03,-1.932241902931908185e-03,4.155945644567214138e-03,1.994572217102660514e-03,2.878512240897893384e-03,1.855098677513914232e-03,8.064206663672407807e-03,-6.074903115154737729e-03,2.637868006292441204e-03,-8.982503109876093222e-04,2.128689220580632768e-03,-7.201027806721054143e-03,-1.389496658920490483e-03,2.526783855852031066e-03,-3.291176432161440572e-03,7.305956144078596011e-03,-3.429186266673717263e-03,-1.953736837555568274e-04,2.612230048047317968e-03,-1.369226894622359129e-02,-1.139666670282519535e-02,1.072069546900338314e-03,-8.021587830234916134e-04,1.979580851031707833e-02,3.652436822700829127e-03,1.354624527857275487e-03
-8.599620144929048457e-03,2.543171921063421600e-03,-7.354636079159561834e-04,9.295327547542800092e-03,-9.226332703896398049e-03,1.383295090777785126e-03,-3.868805945122386503e-03,1.178216485661924204e-02,-1.175702559987101652e-02,-3.148100965413576802e-03,-3.695273628561153434e-03,4.965609859274533640e-03,1.372326951051101472e-03,-7.301216039025167776e-04,-2.186691874559552971e-03,5.954531348839573433e-03,-1.958162449158297740e-04,-3.619394487212223427e-03,5.961610923990686046e-03,7.843069139312548732e-03,-2.024922622088919100e-02,7.165996618391582730e-03,4.739359027718803227e-03,3.744119813756823390e-03,-2.184486582897563270e-02,4.950531893125573483e-04,4.428464336258760431e-03,-6.204165057835323970e-04,-3.463362895067559778e-03,-7.561694007229825777e-04,-1.256995011819576555e-02,5.421164689643024996e-03,-5.774819852929629098e-04,-1.624496817031534021e-02,-4.412503981393756970e-03,9.418080566415870701e-04,-8.697588617014785639e-03,-2.706960131643141709e-03,6.539322696490277101e-03,2.133107020323891847e-03,-4.475312944431346232e-04,6.712138407611656539e-03,5.977757750666709557e-03,2.380675008133370778e-03,-1.108222097913630702e-02,3.922728806548588930e-05,2.610854295261500271e-03,-2.866636194310851361e-03,-1.139171380478448854e-02,4.545414332196195256e-03,1.543203948241168681e-03,5.015732027422483731e-03,1.290590652084332808e-03,6.010387216971893425e-03,2.762393122482821443e-04,-8.553187664770619050e-03,-3.814492513362333602e-03,4.164884423445376627e-03,8.811301851678436658e-03,-9.039838727953641503e-03,2.284225316499287686e-03,7.213652815956735423e-03,1.104219003203119574e-02,2.941925125786275241e-03,6.335633333802790333e-03,-4.118955775137017605e-03,4.376681529740928528e-03,-3.939386305434714429e-03,-9.045391227436465342e-03,-1.531060081459699289e-02,-1.023314209312856451e-02,-7.225372105255856853e-03,1.138847617935617729e-03,-7.421592781015915428e-03,4.830454762523395638e-03,-1.299901490314752175e-02,6.215506232440215495e-03,-1.120719297721035207e-02,4.828705077528910351e-03,-7.274845001757288812e-04,-4.901493747893817012e-03,-8.208861492915541305e-03,1.857518824572340155e-03,1.683530425450937423e-03,1.610949765391374994e-02,-1.574416786765988827e-02,1.100821691691383948e-02,-1.376732322673604632e-02,3.215359568241406285e-03,7.652755672183851783e-03,9.528657494991529808e-03,-8.913747748924992411e-04,-4.909382503175998592e-03,-2.986339930128570699e-03,1.264812573729886917e-02,6.099539027190759369e-03,-5.528083323782598431e-03,-1.271409551664328882e-02,-1.129748110955674199e-02,4.285442796908503146e-03,7.581703033839180123e-03,1.649246090626137196e-02,1.247164691315962850e-04,5.244218884317317867e-04,-2.732066683980301225e-03,4.308833995382107228e-03,1.089089344206517485e-02,6.445712007986252427e-03,5.873008134725890041e-03,1.066361851618977119e-02,-1.157424496922272728e-02,-9.667449823463354630e-03,-1.235846543986066429e-02,-1.486392656011407097e-02,-5.856741706998986642e-03,3.181250425433373909e-03,4.947598471314432894e-03,-1.650951293480056340e-03
1.943700386175232012e-03,3.687475937396691040e-03,-1.013347106722477763e-02,4.669380151114437688e-03,8.186713117399361042e-03,1.297527884976436676e-03,-9.433882299098495308e-03,-1.522840532530367504e-02,-1.120681903553991110e-02,1.494383668959225336e-02,2.882145977780109069e-03,4.933299548502633435e-04,2.100585327452175483e-03,1.255405078528852494e-03,-1.067811057434057617e-02,-7.958010651130614441e-03,-2.462703675851936162e-03,-9.048587637942466294e-04,2.434197584350781228e-04,-5.689679761297191524e-03,-1.004603378779705090e-02,-2.635382004414845141e-03,-2.266327869407732190e-02,-4.115662630549840606e-03,-5.322732873947002598e-03,-5.395304160786443910e-04,5.525716849152912877e-03,5.474771384833610095e-03,-1.337634741515239490e-03,9.174590365024635347e-03,9.922812881368717197e-03,-8.219161039546941461e-04,7.735240267291217803e-03,-2.217984672731089795e-05,3.085343079481703710e-03,1.811540658508575949e-03,1.464791575530733671e-02,8.205535089068155541e-03,5.725682572650579033e-03,5.832864688613753282e-05,-6.880993387999519845e-03,-1.155612836486691851e-02,3.315367580269985327e-03,4.221391393116626610e-04,-3.304554616198161852e-03,-1.091320279530694605e-03,-1.102633400820546630e-02,-4.469855879867456680e-03,-2.173112823346152155e-03,-5.692488077356094509e-03,5.360463865302988323e-03,5.196746174346742256e-03,-2.111460163277341633e-03,1.216367287920683445e-02,-3.228528931428856826e-03,-5.628446634463379894e-03,6.257130129809217699e-03,-1.230035559498438708e-02,-3.413289911735247102e-03,5.932744132737363847e-03,8.392312200869523134e-03,6.381884827615392011e-03,-7.557344774441822864e-03,2.759904700639086769e-03,-1.467199136971743603e-03,-1.024714142866782474e-02,7.574925869517933931e-03,1.403239482671924353e-02,3.735003450109320236e-03,1.277039856763456420e-05,-6.370730234776269402e-03,1.140495353322583394e-02,-1.043071823023801817e-02,1.473601740625936352e-02,1.479467394857220813e-02,1.613787476569885325e-03,1.292781262245062610e-02,-8.251949572467710131e-03,1.732844622570910934e-03,-4.548816817902481650e-03,2.276342311866325508e-03,-8.050011008112019015e-03,1.167443192572041599e-02,1.314229262590144859e-02,1.751377913563325174e-03,-3.167927168815251344e-03,-4.617597592085513625e-03,-1.020536602690254833e-02,7.915327205578083850e-03,2.735456423125431219e-02,1.140709308075391927e-02,1.891273724942038863e-03,2.073928790693601795e-03,6.811619241491816655e-03,4.290572124235889247e-03,6.137174175557857762e-03,-2.252351384765317790e-03,-1.367213424884725775e-02,4.323352268971568033e-03,-9.834735955943311320e-03,-7.979869076829803481e-03,4.801608013716139080e-04,1.078387281267990938e-02,4.025120961638732273e-03,1.139872573090830801e-02,1.538281897369684660e-02,-4.839228402106040411e-03,-1.178504425571760307e-02,2.005358192696816977e-02,-1.125438368897260268e-03,-8.358565866875944383e-03,-6.216364416445561460e-03,1.314782938421601727e-03,8.822851890514859380e-03,-5.369778637446840502e-03,-1.465804060080911492e-02,1.351909970243418690e-02,3.181001591080664156e-03
-6.074455540199021238e-03,-7.175838352903076041e-03,-2.367006469238154467e-03,5.975074181195807847e-03,-1.804513484429472875e-03,1.460874066724811467e-03,9.122229247127711452e-03,2.534320242294104113e-03,-1.333632939224492194e-03,-1.908082128501875554e-03,-5.950788203714528143e-03,6.529080358453605813e-03,5.099643596710981899e-03,-1.673190377042862997e-02,-7.824637209024248386e-04,1.454817996896096447e-03,-1.792991374507817625e-03,-2.682673840456601452e-03,-8.502137797612871473e-03,-2.952585384507178893e-03,4.127096929341354976e-03,1.086441125191037931e-03,-1.512843430658168155e-02,-1.215908254848007027e-02,1.212599831443528144e-03,-6.000882062544488603e-03,3.156527247480693608e-03,-6.172712613442520209e-03,2.503355790853431170e-02,1.565476499720441566e-03,-5.346435644041558875e-03,5.450939550934796179e-03,1.419661145089672755e-02,-2.998642775253707732e-03,-1.017823999239692370e-02,-1.169384210183026067e-02,7.668102376284717352e-03,-4.857829294997232511e-03,-9.437617895929732020e-03,-7.587973336305191621e-03,1.930949958867584498e-02,2.482924700582070723e-03,3.283802756548179734e-03,2.066205719902933224e-02,1.218432117794236713e-02,1.482223060734223774e-02,6.797541998236324157e-03,-2.908958581737863184e-04,-1.565542349735282029e-02,-7.394450146737158343e-04,-4.782025595605288800e-04,5.027342271044103576e-03,-6.512588405830990919e-03,-6.278070505913447598e-03,-1.359244152304140557e-02,-1.043815605018551425e-02,4.994112936401541364e-04,9.034480776020816298e-03,-1.374499820795096507e-02,1.393544611713772030e-02,1.497392858552333388e-02,7.138400256697222980e-03,-2.384693420365871855e-02,3.695874933599620389e-03,-3.183247520854859403e-03,1.041304595700597024e-02,-2.194355690620153939e-04,2.693702562662170577e-02,2.820491485903854102e-03,2.391582275404850570e-03,-4.073685411535504092e-03,-1.242474692864572842e-02,-3.978133172250724117e-03,-1.702444687230748226e-03,2.807192356619102758e-03,1.085565375892630184e-02,3.522279979730007747e-03,-1.123343433292362838e-02,3.122904975774306539e-03,-1.201080391145499353e-02,-3.200682484106461782e-03,-3.297231066218151915e-03,-9.043359516111975152e-03,3.449598306922900190e-03,-1.354719338940547826e-03,9.219609299571709590e-03,9.626692606896896515e-04,-3.170833036775069606e-03,6.114903264131857754e-04,-1.826906243108960409e-02,-3.687985926029990064e-03,-4.181485071144121386e-03,6.342889266514936848e-03,1.039338735688602163e-03,-4.448048528478354413e-03,7.756961185619981776e-03,2.509525443516904489e-03,-1.259726752014353642e-02,-1.654121191797764887e-02,2.794198011515965172e-03,-3.527062928952465811e-03,1.654309692002224261e-02,1.774522114833903402e-02,-4.045648466630070300e-03,1.641462855345405180e-03,1.384586164432319907e-03,1.661487343567619873e-02,5.515801713707438499e-03,-9.120253785738914945e-03,5.713622915952535838e-03,1.547917028298009118e-02,1.112092631960356903e-02,3.548869930903444676e-03,7.085401573254608565e-03,1.118059428481953110e-02,1.705432845687985784e-03,1.380163488518088358e-02,-9.269600546076900080e-04
4.041645159937802545e-03,2.336154907508185795e-03,-5.396773104888117831e-03,8.226723463997737823e-03,2.506446505672109502e-03,3.301463832169757723e-03,-5.183704553278259929e-03,3.684009219123897654e-03,-8.812952760484762602e-03,-1.191970816509955317e-02,5.115499167751820161e-03,4.191648017681289667e-03,-4.896662710996581465e-03,4.592171649742694470e-03,-3.452335459381655498e-03,-4.084113251233205573e-03,-2.537189219794025018e-03,7.601120414159556965e-04,-1.240216192963988426e-02,9.454697341232210644e-03,-3.420565849415580385e-03,1.328415110740058767e-02,-1.556392711020781073e-03,-1.316141576934297570e-02,-6.533375366561624924e-03,6.656794187505336510e-03,-1.414460974967579306e-03,1.855647198149950857e-03,-6.952812399844394628e-03,6.528221188811936422e-03,-1.669610761027756629e-02,-1.105492714782261438e-02,1.934218833656102185e-03,4.460462742325393103e-03,-2.876226769699545809e-03,-6.164156416371330055e-04,1.001048611864050137e-04,1.723401713305751023e-02,1.509593252483325092e-02,-1.749330923085137303e-03,4.590435470553074285e-03,4.695453719671929295e-03,-9.152482869554102963e-04,-2.299851384804180599e-03,-1.934866445435057258e-02,6.338950313322839775e-04,-2.978522302417670273e-03,-7.157959985074238522e-03,1.253633086989262325e-02,-6.420610440283225015e-03,4.729568596789721774e-03,-1.820210624845663289e-02,-1.712061604240878868e-03,8.076407584088948072e-03,-1.088079013284034939e-02,7.358056627692731964e-03,-1.025030608209336752e-02,-1.923204322843340575e-03,2.446339831165689075e-04,4.622282149733012574e-03,6.105457278013556519e-03,7.046759721632252747e-03,1.080248833313900148e-02,1.239589041176007191e-02,3.406306755524378740e-03,7.677755794881999281e-03,-1.708317167235927359e-02,1.935173485397221867e-03,1.356979847231350352e-02,-7.206263325709846759e-04,-1.126244309694137899e-02,1.509649981792240622e-02,1.294138103495651518e-03,-1.558567173364523717e-02,-9.392327762622562984e-03,-3.785184403019064333e-03,1.280910754394315454e-02,-5.207288996656222850e-03,-5.290872005464379883e-04,3.109589234521962890e-03,-1.629159705739704686e-02,-8.608933699847028673e-04,4.510602503701432835e-03,1.006682327586353592e-02,7.887000111699395740e-04,2.709236337606210306e-04,3.300408475077838948e-03,-9.047547660643150830e-03,-6.660020716124092320e-03,-7.309642732881216527e-03,5.496749497245920430e-04,-1.031673961826551876e-02,-1.916788859432604769e-02,-1.997744418193537694e-02,-2.512158591809590495e-03,3.358585596019196106e-03,6.944548103871971828e-03,6.689336055600561201e-03,-4.177375638209011345e-03,-3.822081499690015670e-03,-6.721764140284173031e-03,3.878637191700215914e-03,-2.095826380315803008e-03,1.172086294491107676e-02,-5.749453212652137643e-05,-1.904505770019725500e-02,-1.158325185646451837e-02,-6.320583797545167339e-03,2.122064625068160754e-03,-8.943685562496956828e-03,1.822934808916147620e-02,-3.907832066967521236e-04,-1.300236431504608187e-02,1.748474339698563237e-02,5.249647391628091582e-03,1.398946336378140663e-02,6.715185565574506750e-03,2.273211999151343934e-03
2.691183860607906323e-03,-4.159311290785983571e-03,-9.198183067003162751e-04,8.213354075579833158e-03,-4.750856817971396695e-03,-9.481572438373832637e-03,-8.088697512740480877e-03,1.604907541734967164e-02,1.856573527026362689e-03,-2.176058831637859518e-03,-1.848894624177720852e-02,-1.194205941933750448e-03,2.984827891167829428e-03,-8.489877973087481960e-03,9.129935608436166514e-03,2.079369381066102987e-02,4.337347970679180341e-03,-5.128134976234297732e-03,6.473626155168552172e-03,5.299857156319212614e-03,-6.754752745614941468e-03,6.763501931700654016e-03,-7.684575299527629175e-03,-1.380604140269875608e-02,-6.667885381089435314e-03,1.826533678209038211e-02,-9.941178894793607432e-03,-6.374652762788350462e-03,1.970392623792290021e-03,-9.601844677980331602e-04,-4.773717254785283387e-03,-8.797287554892938011e-03,-1.113738263051994477e-02,1.426143086463157843e-02,-3.235651276798692452e-03,5.668662685967651264e-03,-2.866649816903461736e-03,-3.103568227627985596e-03,1.065231530363755334e-02,-5.742586155196752196e-03,-1.125094152468649085e-02,1.035039665240148525e-03,-2.385056922366313083e-03,5.264368153682124274e-04,-1.744851648003676930e-03,-5.096068012220334592e-03,-1.490526160977414562e-02,6.573918338194904148e-03,-4.637827281400285634e-03,7.864226652835667672e-03,-9.739533260173008009e-03,-5.780898939168574750e-04,1.258843195479148001e-03,1.686412212832817323e-02,-5.735661419991271333e-03,-1.969613045512300792e-03,7.157399332772347057e-03,2.889944024106673014e-03,2.997205439232504282e-03,-8.507419148503591808e-03,6.180935999350958138e-03,1.287925812104868430e-02,-3.807297461420674090e-03,8.994841232939969344e-03,3.340728936309311174e-03,1.663952647188073411e-02,-4.200666617379425830e-03,6.163996063469213971e-03,7.400197567143994813e-03,1.004986815456860270e-02,5.135258668888195883e-03,9.848401759496876098e-04,-4.754411000760353639e-03,1.985873230958423025e-02,5.569998367091423715e-03,-3.899051264972692825e-03,-3.902940516107045480e-04,-8.141333446655801484e-03,-2.432804669959321309e-03,1.214866287123697423e-02,7.352060610225235465e-03,6.159956511425226456e-04,5.163103618591019170e-03,-4.924375505345124186e-03,-2.287015237516077173e-02,4.561659471261503805e-03,-3.307762593295667051e-03,1.151720879319814879e-02,1.535959791476915713e-02,-1.145780327954508231e-02,6.755407575325102394e-03,-2.057210027461967884e-03,3.759774334898379443e-03,-8.432479545234431925e-03,7.040331002608009661e-03,-2.318428329663835968e-02,-1.059588858176605669e-02,-5.132401104703390249e-04,-8.739168484918423407e-03,7.827421694608415262e-03,1.265725562252398642e-02,-1.039794145162499864e-02,1.651457737896960820e-02,-4.188636848166218604e-03,1.111140809672735326e-02,5.205802818637119724e-03,-4.403614081003478370e-03,4.900184664011596712e-03,-1.478021658729266382e-03,-2.176101235481397132e-03,5.432786436599461657e-03,4.432644546801103001e-03,-9.837217267808116491e-03,-1.674128469551652842e-02,1.468595639505055521e-03,-1.969165332773419735e-02,-2.242318806230343860e-03,2.336609122928656312e-03
-3.914237147050669482e-03,2.900924109785470791e-04,-7.223979010725543014e-03,8.398969737527016075e-03,-1.122045260174024672e-02,5.151457116427960066e-03,-7.219014398774451771e-04,5.418765241896499225e-03,-1.258065859413534313e-02,-1.266497338958222601e-04,1.309747550403233575e-02,7.444750666525191789e-03,5.585771875779166860e-03,-5.944382637227475438e-03,-9.816095597510151108e-03,-3.272731917565312870e-03,6.342447289389398050e-03,5.478893423259805981e-03,1.025485622313343156e-02,-1.339168899610421008e-02,-1.447245903473207140e-02,-6.216585895922653940e-03,-9.241484764407779592e-03,2.496051567958463679e-03,-8.890779969166326749e-03,1.218812927899175138e-03,-4.933348393151267344e-03,-1.151817347887043423e-02,-4.251794714336982074e-04,9.515282104664688281e-03,1.120392732712822102e-02,7.347191023858431168e-03,7.928882732263768012e-04,-4.002857481805998166e-03,-4.748480782942581663e-03,2.325451206083852321e-03,-4.337957369947983630e-03,4.189820544497223700e-03,3.088848506803174455e-03,-6.325131016188327918e-03,1.323943176122233069e-03,-1.362237334682360685e-03,-1.570177515170489979e-02,-5.922650312140790435e-03,-2.118993713143118782e-03,-5.803975961093354487e-03,6.164168855025269587e-03,1.142515720352328332e-03,1.154823506023076873e-02,2.836882203850768936e-03,2.455825616536199828e-04,1.587462662733198082e-02,-1.488561211397355791e-03,4.947895696491500656e-03,-6.031289819787680239e-04,1.320989096444235775e-02,-1.458731235624890045e-03,1.116727967667642714e-02,3.967131922034867336e-03,-3.638417194056036124e-03,1.268118164718280011e-02,1.529571570223994988e-02,3.650938805280783302e-04,5.547578319425439282e-03,-6.968145531477574432e-04,1.311218145848814555e-02,1.111986055405781229e-02,-1.752616826617012279e-03,2.230640211497118310e-03,5.196638242612736276e-03,4.885004425579799782e-03,9.728000513603811059e-03,7.721222425963049363e-03,-4.040043921399815059e-03,-2.199281758190191598e-03,-3.866209309392635435e-03,-2.436649432635479024e-03,1.391121021512413229e-02,-3.851559539035781781e-03,-3.277100903636199526e-03,8.941180172428345001e-04,-2.406719920616697331e-03,2.430604065177350767e-03,-7.714120714549391536e-03,-8.417205729975613462e-03,4.527453266685470441e-03,9.013307326543287118e-03,7.364050084193944808e-03,-4.213073190392991642e-03,7.106058812593052257e-04,-1.075391885002506369e-03,7.826690649649805168e-03,1.787978150794872862e-03,1.230202567664503976e-02,5.481208577308905108e-03,-2.272683310134358033e-03,-1.578261104542251839e-02,-8.467867866918788941e-03,2.848416425145148569e-03,-5.142250312109163286e-03,-1.293203830001824449e-02,-1.178974732609430320e-03,2.537589257113573738e-03,-6.890049930454864718e-03,8.029587101499899987e-03,-2.218812626334748517e-03,-1.253144106647380415e-04,1.879642184107998409e-02,-1.101489222623561540e-02,1.820473927160739386e-02,3.935374038354919665e-04,-1.645315752905763748e-02,1.146270444613324557e-02,-1.971003990777677600e-03,9.461944993219709513e-04,1.110736560169218144e-02,1.881124710973482422e-03,4.398025232832047764e-03
-3.357760189161407131e-04,1.123973230316182041e-03,-4.681074821878840179e-04,-9.551655930306700640e-03,-2.407762360416536383e-03,-1.957206539428392109e-03,-4.970181041848555168e-04,-1.597087115765195679e-03,5.483932575672577706e-03,-1.100006834794057392e-02,-8.629559915511801323e-04,7.446135567505240277e-03,-6.833039593472380567e-03,-1.040577738366624261e-02,8.319289145824530080e-03,2.084496945475116086e-03,-2.687996903703569231e-04,3.051042275111899744e-03,2.621103768465925070e-03,1.136758694047287910e-02,-1.708094122783376410e-03,3.781367391942082844e-03,8.209827130681907406e-03,-1.650462008055965076e-03,-9.803721334616277011e-03,-7.426619780051061910e-04,-5.929121010762983257e-03,-6.715958272857269068e-03,-1.410148617810899445e-02,-4.968046988260137620e-04,5.373261726941582286e-03,-9.698539079047739653e-03,-7.283293485080514530e-03,-1.150501616535205135e-02,4.953945186814239822e-03,1.964758366859934921e-02,-8.594102875219895854e-03,7.615635408799534094e-03,6.284172889567170989e-03,1.105216417705636757e-02,8.679863330136743799e-03,-3.523509292293585358e-03,-1.696975074218613419e-02,1.455212593208624798e-03,-7.687682389351256466e-03,-1.761813807347992807e-03,-1.495309902601798038e-02,-3.714955537116165166e-03,-7.002123053443241006e-03,-6.647305184561460786e-03,-8.753226689408121972e-03,9.195475342443738126e-03,4.831403811424806426e-03,-4.793971104046548457e-03,-1.736043210815102185e-03,-5.407337256158980220e-03,2.789054407811928336e-03,5.411812045670218044e-04,1.125279739629557116e-02,5.856623944905204465e-03,1.311136970113951049e-03,4.605650219753333781e-03,-4.833887338664115234e-03,-5.017224758639800969e-03,1.133144768586652593e-04,7.690774127736313762e-03,6.220698821550173794e-04,1.409736339396959297e-02,-5.934613395627977468e-03,-4.440070960713735949e-03,3.986272859531484088e-03,-4.330576504129321665e-03,8.102023811583182467e-03,-7.723111165909941553e-03,6.028654555245017976e-03,1.049235078157460029e-03,-2.372862571480255801e-03,5.066597331966230487e-03,-1.314864885788095007e-03,6.913022215605859342e-04,-6.568202074985703826e-03,-8.446633523250300993e-04,-1.395134357166151647e-02,1.025210494049723885e-02,4.609119253908154981e-03,-2.406775312531895215e-03,-6.375093263593574130e-03,-1.261374794996979534e-02,1.957332454179374487e-02,1.731819361026487461e-03,-4.089134126045434851e-03,-2.492002816947051780e-03,-1.581847876139486075e-02,-5.380415064076696577e-03,-9.112091107946043494e-04,-6.527585338782424668e-03,9.611830597848459133e-04,3.069273722825784437e-03,-9.702965623753861957e-03,5.854526828289374242e-03,2.352293461429827599e-03,4.321690816374959380e-03,-1.359838193514068634e-03,1.382386267891468935e-02,3.266306324091206633e-03,-1.029652689305981562e-02,3.448862220433362991e-03,6.238210164868506977e-03,1.321858968468142374e-02,-7.919393234756082894e-03,-5.840122663025198654e-03,5.716898660838733333e-03,-1.020820790154541510e-02,-1.318795447335321426e-02,1.336800960631520305e-02,-2.384726964551536071e-03,4.639536447324979669e-03,1.668564247850251158e-03
-6.770807210265042571e-03,1.358921116369301955e-02,3.998721893790311080e-03,-8.494827075761697197e-03,-3.874857371019930271e-03,1.328107422026496634e-02,3.137632647767588708e-03,1.024038362730257190e-03,-2.965661693526683643e-03,2.855021931686986363e-03,-1.598731625326587974e-03,-9.199448211884710125e-03,-3.082108121964281626e-03,-1.238345968218853080e-02,9.729187088007382883e-03,1.103050258131579690e-02,5.356984067029607090e-03,-7.486381199483456081e-03,-1.430637795873218251e-02,8.202065777952151837e-04,-6.560784892614981122e-03,-3.140875532513798685e-03,3.076120633837884418e-03,6.200480541095013814e-03,-8.404714497918372093e-03,-6.521816065032577138e-03,7.465284693443612410e-03,-9.104982889360754492e-03,-6.271118149490130349e-03,-1.245389631239590504e-02,-5.545973563772730805e-03,-3.506374617338010933e-04,2.959348647245936634e-03,-1.962869413797983451e-02,1.355677379679500307e-03,-5.838323160384076109e-03,8.099737146809464841e-03,7.789831479837694417e-03,1.040093833536040110e-02,-1.398868648541932611e-04,7.344520464809023734e-04,-6.348445672588695979e-03,3.224752270680197441e-03,-8.606378214914313374e-03,-7.231471907904915911e-03,2.602315370511279480e-02,9.389464749267800725e-03,5.864793954744592502e-03,-4.560882068477794225e-03,-8.081973574691319597e-05,-3.649287147971013671e-03,-1.820000728626115392e-03,-1.245530441326679442e-02,9.335792221728349532e-04,-5.513152559005332805e-03,5.522208950536137452e-03,4.466213669332062125e-03,1.812992599837147389e-02,-8.882321423005618694e-03,2.495283626945888483e-03,-8.747085690531118327e-03,1.868757669824555817e-03,1.151746446805103916e-03,-3.791375574242882452e-03,-3.699164386343933419e-03,-1.972018610512975972e-02,-1.266819823384444758e-02,1.107827829349894953e-02,-1.342491724558248813e-02,-1.705424958650710032e-02,-2.466136028606833765e-03,-1.449927896537815328e-02,6.065954229745314924e-03,5.589360974833234783e-03,-8.681670355810152881e-03,2.718234857705885518e-04,6.182194241444429784e-03,3.103954655421867735e-03,-1.292742307044355242e-02,-1.882538498297157969e-02,4.372854904123552738e-03,-9.688579678747160154e-03,1.878614026971219984e-03,-1.696595934875598163e-02,1.251807810978590235e-03,4.312908677761455312e-03,6.025340367508001151e-03,1.551283533566804977e-02,-3.833759158300152452e-03,-3.300761709046041645e-03,2.545612978411466044e-03,1.086168743687612910e-02,-2.703824342461987051e-02,4.069738460379708142e-03,-4.859769230734637888e-03,-5.429338621437427258e-03,8.751366889862924672e-03,-4.509878145770473100e-03,3.518877964451016019e-04,-5.276312390041951010e-03,1.187656610695301922e-02,-7.810391817944414318e-03,-3.315915144772952315e-03,-5.906698024137214953e-03,2.135426567997015038e-02,4.186988311688056436e-03,-9.835263415589001051e-03,-3.559827072228306452e-03,-6.491249015613463798e-03,1.922759743241016922e-02,-1.062154983578542274e-02,2.561833259869910218e-03,-4.264597901255853113e-03,-1.222532899765961696e-02,-1.284322737326592211e-02,-1.229645939090680262e-02,2.462710994912202436e-03,-3.848633842775952933e-03
5.485124774514638264e-03,1.367067543928721443e-02,3.987561420886439993e-03,-2.848889518119702372e-03,-7.798005614117931202e-04,-1.513211479976709836e-03,5.003869528238590221e-03,3.681767791403456076e-03,-4.929970528345180639e-03,-6.615304599892253730e-03,8.582181795643916561e-03,5.107969351601786279e-03,3.918794520092806245e-03,1.833796519602076376e-03,-4.054369982741241841e-04,-6.789931028569898101e-03,-3.761527731605576654e-03,8.522360634141109073e-03,5.398969296104960854e-03,5.268771949541995597e-03,-5.500851820090473356e-04,-5.885542048293005563e-03,-3.437673949489023027e-03,-1.342774675242063183e-02,1.681273165626282276e-02,2.901255292894327868e-03,2.507748851783240911e-03,1.104715785372786590e-03,4.866128530287991416e-03,2.257903525104496684e-03,5.639820535416507387e-03,4.163884069901120991e-03,1.611319284362124288e-03,-8.470075500585459022e-03,-1.355810614755626441e-02,5.178845685195707961e-03,2.250593593784922658e-03,-1.124037758465071257e-02,-1.458878239588746323e-02,-6.511743569039790507e-03,-9.004695688059127096e-03,7.215564450001583571e-03,5.123937758009287566e-03,-7.792685418248397437e-03,-7.267528082162287920e-03,-1.609013410573302853e-03,-1.498385949894005115e-02,-1.081593638134718816e-02,-2.918528110347242289e-03,1.220853821216446016e-03,-3.904923648324287733e-03,-7.096106024931984023e-03,-8.255651715989317449e-03,-1.335059412871291568e-02,-5.965217527858050761e-03,-7.227181852457795382e-03,-2.879249558849997052e-03,1.918640816656768788e-03,-1.927855896393619595e-02,-7.381967453640654250e-03,-4.270792852259015131e-05,-1.202166086325763203e-02,4.042265171307679377e-04,1.149036784588278008e-02,6.431521460806209102e-03,4.342314638731755751e-03,1.344757156997891494e-02,1.719757642524222946e-02,-2.384694202512976230e-02,6.483446641800841986e-03,9.543508455286843842e-03,3.931061750728944738e-03,8.724770592329280858e-03,-1.146977316637376671e-03,2.732472023330837375e-03,6.524374522422369573e-03,1.213027028860372974e-02,4.939964562285582492e-03,-1.146576979819591106e-02,-3.665168637275858284e-03,9.724482191656948563e-03,1.654978538958198908e-03,6.651316564997874006e-03,-1.114136511476433722e-02,-1.008247685174239487e-03,1.118157915503830129e-03,3.600191188281384388e-03,-5.925691562937614350e-03,3.804913962623912918e-03,-5.082474428375807936e-03,3.099762099162789789e-03,-2.435882455150917281e-03,-2.611125926666884017e-03,-2.079614996248878994e-03,-9.425814780688709016e-04,-1.123905275379891546e-03,1.203477754569735577e-03,-8.408267936568837326e-04,4.895766483977046987e-03,-2.525819030674681005e-03,3.466115281483485473e-03,1.221720594686942843e-02,-1.621423974854749100e-03,-9.730904503018462243e-03,-5.360328579615410496e-03,-1.343002098644092458e-02,-3.251627595551221175e-03,-1.295673619069214084e-02,-1.221672903363427718e-03,-2.181253226705549917e-03,-6.119792661300219212e-03,-6.501123383668245756e-04,5.122057151710292071e-03,-7.304267116612107695e-03,1.408889732414661533e-02,-7.077378080672058064e-03,4.422953184405397503e-03,-2.532347031542701507e-02
-2.547943528381902247e-04,-2.647446936591240241e-03,-1.775736859875939183e-02,-1.744561880269087858e-02,-1.844377322900090255e-03,4.748434093798123944e-03,-3.570431601184752041e-04,-6.209468931956512935e-03,6.444342549209804843e-03,2.094959611965066266e-03,-3.284538520957465142e-03,6.988384022427160977e-05,-1.917469984840950228e-02,-3.094798627407646403e-03,-3.617400656547180987e-03,6.622641696856922285e-03,-8.188414003736160449e-03,-4.248427280602903693e-03,-1.420761924321810137e-02,-6.240314668463151429e-03,-8.816241785503902209e-03,1.029791978081532992e-02,-4.827085467728076812e-03,-1.322105782903299984e-03,-2.253894284735331877e-03,7.546700406561993642e-04,5.133232380838527106e-03,-2.636698856309830589e-03,5.709273622644558911e-04,-4.718401331161699297e-03,-3.035928563894650829e-03,-1.142008960639380628e-02,-8.730145945058121956e-03,1.024709290483212173e-02,5.169658613955715847e-03,6.960470633487145405e-03,-1.989477365772047111e-03,3.586297972984051844e-03,8.504625020557730897e-03,1.770840304864985124e-03,8.413311214892259726e-04,-6.294259083800447449e-03,7.276117141916253403e-03,4.835035299704385989e-03,1.033991924118286311e-02,-1.620165896227968375e-02,-9.252173971656667273e-03,1.078968637733830442e-02,4.307254327407531586e-03,-1.915694071011058916e-02,8.585700166530613880e-03,1.062948341226513556e-02,-6.431403217766825872e-03,1.086356910738198091e-03,-6.454743085235123412e-04,1.012433805688879238e-02,8.989307029387008652e-03,1.112858773466968675e-02,5.418662211238242481e-03,-4.864606039603170187e-03,-1.412807326964251806e-02,-1.970709070792706075e-02,-8.384473837833269702e-03,9.031984332126267306e-03,-1.788235525801287491e-03,1.053572142909461710e-02,-2.634168514081025678e-03,-1.028497825616714670e-02,-1.578522947252841008e-03,-2.510035486482285402e-02,-1.843295028153630472e-03,8.219230004425245872e-03,-5.720061045734957730e-03,-8.262473497077432380e-04,4.197952599039492944e-03,-2.586156373997217789e-03,3.484246203131952102e-03,-1.069158365976124146e-03,1.067773031364695506e-03,1.199198435296650565e-03,5.960492210976543054e-03,-8.144068448604564053e-03,-1.680498697086249202e-02,-7.885666278258023770e-03,-1.334554541154752035e-02,-1.186175265811765731e-02,6.026057891511669637e-03,-1.286238970110776311e-03,7.055728930920140279e-03,-5.846458865808590311e-03,-1.298623161680614348e-02,-8.972852901773948828e-03,-2.959194853793366362e-03,3.210676320849459829e-03,4.940125934515722690e-03,-1.106228667200556681e-02,-5.831090259410426010e-03,-3.670409393905680961e-05,-2.224212070724675833e-02,4.233110644731492150e-03,9.855312454833052918e-03,-3.051754563860952884e-04,2.962322661726949475e-04,-2.126978967886499622e-02,-7.111482328812587968e-03,9.488471493375798607e-03,1.750313340605111258e-03,-5.325499405625410028e-03,3.432300929228244372e-03,-3.796259234802817559e-03,1.336512553608266984e-02,-6.479390952041102873e-03,4.269875983516418713e-03,1.925512045360622607e-02,1.220929210986145680e-02,1.494174465740398181e-02,-2.201048874505627789e-03,1.391553667966138365e-03
-1.173840158950661440e-02,-3.554452341962269744e-03,1.650163736089439726e-02,1.369702346882121537e-02,-2.295919505208765012e-03,-2.201880764149536426e-03,7.962486076225204490e-03,-3.599805931224303590e-03,1.443856368157433664e-02,2.375698321756694945e-03,2.977817540287301234e-03,2.156731283131641235e-03,-2.441416405617681442e-03,5.708408095292593146e-03,3.174899825582141837e-03,-2.175932412806003136e-03,1.610903174386678349e-02,-1.170883708707555829e-02,-3.903959503583084118e-04,-6.384646006451210123e-03,-1.518999733764375909e-03,6.995061250657096975e-03,-8.432840250095189824e-03,-1.383529539969816243e-04,4.236110567254878882e-03,4.500502654108619674e-03,1.016608698271029461e-02,-1.584888409525384706e-02,-1.738280186962406354e-02,2.075123239372760053e-02,8.369817238491564920e-04,1.197696550524649656e-02,1.013511173690899263e-02,-5.597329739458208053e-03,-1.423922728398770328e-02,1.107036371716333756e-03,-5.528673524630633648e-03,-2.425376130310891339e-03,1.700809241587154103e-02,-4.450963822513194328e-03,-8.591261025946891547e-03,-7.124057327568979366e-03,7.415037373612281928e-03,2.744532923837715143e-03,1.893792861561372637e-03,1.755355360159326777e-02,-1.556983410903568267e-02,3.746613741731517119e-03,-4.061819286387958854e-03,-2.570228607698092508e-04,4.374862385470499465e-03,6.890540417651589214e-03,1.584562961813856070e-03,-1.476505853260913492e-02,1.135303310001236103e-03,1.766070626770219545e-02,2.010776873035972911e-02,2.853552664586024752e-03,-7.583263068071183048e-03,-8.391984215647543127e-03,6.269513109815555083e-03,-1.250524614079184804e-02,1.003068168376790130e-02,-9.756288973591657060e-03,7.200587274959334427e-03,1.167551877307118971e-02,-3.580510119737825413e-03,-7.180256312464574492e-03,3.832523268436665263e-03,-2.753196568569908891e-03,2.061200518511417668e-02,7.960049840945986749e-03,6.062607650168336942e-03,-1.389058226862982873e-02,-4.982553324518507361e-04,-6.090434921701897569e-03,-9.735106929763908540e-03,5.914381355397156821e-03,-1.748972350149081284e-03,8.431224952351617022e-03,-8.179522352667705637e-03,1.605728389782733493e-03,-1.261106275238333763e-03,4.127060621117966191e-03,4.163287893246762038e-03,1.499062587506451959e-02,-9.180638687349161609e-03,8.141994764295416506e-03,-5.497711972229534470e-03,7.436869674342238765e-03,-3.580844062953340585e-03,6.135274915008362938e-03,6.089134839244847615e-03,1.227689799608595173e-03,1.457420474364755011e-02,-4.211733360651988799e-03,-1.006962037062465384e-02,-1.260181746846619939e-02,-2.057474919609855821e-03,5.895364636780800124e-03,5.469373103744699927e-03,5.121684638935105824e-03,-3.864692420029584331e-03,-2.945094260957530422e-03,-1.159980663923854474e-02,-1.034786076475403046e-03,6.173416673659362815e-03,-3.685451317488345254e-03,2.780432146312918160e-03,1.422763875004393400e-02,1.716281559124379665e-03,6.139117666963934093e-03,3.041292712413328110e-03,-2.737853470031375962e-03,-1.755087066753500263e-02,8.171704607790925999e-04,7.228736989616076948e-03,-1.514458948811846228e-02
-6.411922082508155277e-03,-1.477177378206153335e-03,-1.807826942937268856e-03,6.423434099140276285e-03,-2.110814755437767382e-03,4.307973311174474740e-03,-5.208428093919707270e-03,1.346854041092645886e-02,2.753491530317095197e-03,-1.719971276973737348e-02,2.702302192150617642e-03,1.045132962592914758e-02,-1.789005911214634759e-02,-6.330899481584048756e-03,-6.646904607420510078e-03,-2.224456706755852608e-04,-3.751570022682991848e-03,-3.144909212716629453e-03,3.214515579359100879e-03,1.401005216615544818e-03,-3.130584575733607548e-03,-1.120036114489544182e-02,-4.598598509283031294e-03,-1.356821126678693992e-02,1.373691960923331852e-02,6.142639415837747134e-03,3.859840740303521409e-03,-1.103294369909160570e-02,8.011865986447631871e-03,1.081403782163847804e-02,4.233135388379900138e-03,7.379255232540711876e-03,7.108748115953657069e-03,-1.383332011708614424e-02,1.139015203410174981e-02,-2.592075313774716821e-03,-1.904283750283490063e-04,-9.130640627304583909e-03,-3.463300905071448011e-04,5.983712409061257495e-03,-1.288290557937508789e-03,3.052928035950829878e-03,-5.092992317774228117e-03,-1.059563785874987826e-02,8.390275599489743427e-03,1.624266777988793084e-02,-6.066378495572506517e-03,-1.326101270125406521e-03,-5.154908128055155601e-03,-3.039200377668943142e-03,1.713550850703234952e-03,-7.277515983097506205e-03,-9.344516896549295501e-03,-8.281351116272759813e-03,-8.233978933900677798e-04,-2.613680925860696440e-03,-1.122732718579582713e-02,-3.387110464913566880e-03,6.084201377036401251e-03,-5.308562841422038124e-03,-9.594855821537469354e-03,2.277344157236332184e-03,6.641003900798021602e-03,4.399367598691708570e-03,-3.480160479986967644e-03,-1.033699954457123292e-04,4.336273614034184473e-03,-3.524557459064605984e-03,2.334676746924945877e-03,7.106939236528465702e-03,-1.949417593035598494e-04,9.856181965064497383e-03,-5.492273816686508991e-03,1.134835755390097532e-02,8.613156947604856629e-04,1.472733275555467014e-02,-1.308257894554714328e-02,-1.736234558720904306e-02,7.829615290088654325e-03,-1.472473018604905301e-02,7.294906091634801616e-03,6.971137630209419019e-03,-7.814137195437092370e-03,-3.217494569046945412e-03,7.853960801326222716e-04,-3.544695198683808605e-03,3.857967261400673908e-04,-2.670023242285561940e-03,2.839756976674500961e-03,-2.049963268972777169e-02,-1.066879666890382071e-03,6.570992924545985235e-03,1.696650882198560148e-03,-9.908451970807412301e-03,-7.330226809193903740e-04,8.881562003350723308e-03,2.504464984967296175e-03,2.013397116159114115e-03,-1.048477889560725691e-02,-4.754013998554005617e-03,1.046534721203355202e-02,-6.248939646177627261e-03,-1.290275184764907122e-02,1.130303140027810044e-02,-4.363690288932201879e-03,-1.820882925612460823e-03,1.891516616337014442e-02,3.573630625220987778e-03,6.143502695469149621e-03,-3.005539379647282575e-03,-1.469480414678969206e-02,7.371605429105042122e-03,-5.951073879450300211e-03,1.360085360168909741e-02,-1.478201938370315473e-02,2.290291037085693399e-02,3.319280117367760449e-03,-6.704489260671493180e-03
1.677314873266404910e-02,3.269615845638638128e-03,-3.815600320030935935e-03,-9.064973158083652546e-03,-1.249856845351042349e-02,1.042938734903043133e-02,1.562246202586009720e-02,-1.029742294958383222e-02,-1.266095767077291684e-02,6.845428380636588844e-03,5.823592431993289929e-03,1.501746509702748568e-02,-5.285441163824375170e-03,-3.914224182070539203e-03,7.817828006925469503e-04,2.506609192612299294e-03,-1.994425830863007926e-04,4.203470985682862537e-03,-1.131014442358203344e-02,-5.373435035828806258e-03,7.804433172559847864e-03,-1.066294892673864611e-02,3.628284011928784199e-03,-1.647232496714739342e-02,-1.914497025643338568e-02,-6.256903619086935653e-03,1.589701564196639282e-03,-2.369266369871787792e-02,-1.134077989471363179e-03,1.190441125168671503e-02,6.216822759115174036e-04,1.247326324155133628e-02,9.891567804707169370e-03,-8.455892281371784822e-03,-1.909492617592755195e-03,2.538412144508054094e-02,-4.260205264782040459e-03,-8.793777959478650194e-03,2.276146341888531967e-03,1.896484773218596882e-04,7.872348289769664359e-03,-5.150555124875497333e-03,-2.770641400696694477e-03,-1.094704357048158390e-02,-1.667341920271986138e-03,4.293996883634527972e-03,1.150062322529063832e-02,-4.441907833474819690e-03,-1.274133578446335138e-02,-7.523860019638968673e-03,-3.138938964454602090e-03,-5.322619976399987560e-03,-2.099965386572749936e-05,2.472192965714115238e-03,-1.035060502293977738e-02,-1.400614001841200308e-02,8.805955012224416650e-03,-1.920238612812198362e-02,6.497439272662564221e-03,2.591863093323639312e-04,6.429394404021375985e-03,-7.430975363061577584e-03,6.376672715008362092e-04,1.911048454482098397e-02,4.351576472770053369e-03,-8.512004434682253831e-03,6.867574003863377054e-03,-7.465691891698701850e-03,-4.814357554046753800e-03,-4.227903363137218949e-03,-8.405482494306171226e-03,6.093524128483397001e-03,-1.104724495377368753e-03,1.477434575762011110e-03,1.957016924634068927e-02,3.772461068356284565e-03,-7.614295182435373323e-03,1.039650093284714407e-03,-8.059930843223848257e-03,2.239349669107787780e-02,1.935717774655855081e-03,-3.521630129046129237e-03,1.272388764024344390e-03,1.364712065067991489e-02,8.474988154483373282e-03,-1.211863154019825368e-02,-2.861842624698145848e-02,-9.031132320537089151e-04,8.226063870506204051e-03,1.382369309835094475e-03,-1.363613830234318078e-02,-9.292405768774672503e-03,1.548999662158712098e-03,5.072361896635789111e-03,-1.910978208212713025e-02,-7.730490963541000911e-03,2.482144062599014010e-03,9.452877802677346619e-03,-3.442566120090594355e-03,-5.215705751740917079e-03,6.795237658913337933e-03,3.253704705945100178e-03,-1.421734572373213774e-02,-2.529914520067771586e-04,-2.460703647201863565e-03,9.243771666059748824e-04,-9.685585599259218664e-03,1.840154727271695045e-02,-7.127687569255435063e-03,7.679536812575853220e-04,-7.126327043695002486e-03,3.393769597063083909e-03,-2.665377941545171714e-04,8.768771267643259842e-03,-5.295096019806498459e-03,1.121379866266386787e-03,9.483239704576191739e-03,2.158920951969568389e-02
-5.649706425624114077e-03,-1.131752864767175508e-02,4.169908458777731031e-03,7.179647629017015496e-03,1.681906112360626385e-03,-1.315585904916705649e-02,-1.728714543740100459e-02,8.572111430523089715e-03,-3.874349340401960547e-03,-3.363263492687979840e-03,-6.565735984836202233e-04,3.091468777472777124e-03,-4.655472632705369776e-03,2.412324296211536181e-03,-2.621412256763397917e-03,-2.706533536688300687e-03,1.738205841439225893e-02,-6.751671268711512131e-03,3.779180031807462519e-03,6.100334708201886683e-04,8.514026891672363609e-03,4.631163035199219180e-03,-2.088103622221144408e-03,-5.570195500093215110e-03,5.956767591239493093e-03,-1.459873567685163534e-02,-1.286717835784565410e-03,-5.663266918568961479e-03,-1.634316152325506963e-02,6.329574764894024125e-03,6.918232034803582613e-03,-1.270111683028585063e-02,-6.354098373631194424e-03,9.132149934191997193e-03,-3.332010886668063457e-03,8.327506055373452495e-03,-1.307691365827123690e-02,7.795396676641507157e-03,-2.554131319449664487e-03,1.310332431266127313e-02,7.264370787327070755e-03,-4.860914377268897579e-03,6.220436963948110763e-03,1.393447118142537508e-02,-4.707645075999668683e-04,-5.288620066967628444e-03,-2.082777268541802142e-03,-9.635895262057631028e-03,-6.068953564321078777e-03,1.659707780850682227e-02,-4.734092831385716856e-03,2.837433500975333582e-03,1.272261150409753801e-02,9.940740483852869222e-03,1.780603860865020288e-03,4.281165248115618299e-03,-1.114215219552868244e-02,3.436713192105352119e-03,-5.201235181949536400e-03,6.400959637861467974e-03,3.810555121247852662e-03,1.222548786655893414e-02,1.040372035748342132e-02,1.296630781078668762e-02,-2.654995691295713219e-03,-1.115310543642776195e-03,-1.895270509889348956e-03,-4.951347192179768666e-03,3.776038361545862808e-04,-2.147408290392705497e-05,-2.020908194118900775e-04,1.479465112071175897e-02,1.548214202394342792e-02,-1.047219899496969024e-02,-3.919171808836593779e-04,3.505181945162046727e-03,-3.834159916143886192e-03,-2.152318883642833670e-03,-8.267210265117761608e-03,-3.912325622422689261e-03,8.038624498519282568e-03,1.798400888789255646e-03,6.251118529485686151e-03,-1.808716545433668860e-02,6.802604213985197906e-03,-8.815511870714677276e-03,8.118464892726898197e-03,2.139705118576020523e-03,7.403202934684448983e-03,9.524793344987257659e-03,4.508130262120543102e-03,-1.050172327090541542e-02,-1.328617542455838921e-02,-1.364438301188725632e-02,4.532191852751905740e-04,1.831995340129241286e-03,2.111012313461091503e-04,7.167935138427496307e-03,1.269351703961125446e-03,2.809929812006639084e-03,-3.740130753558375352e-03,6.672524289134550493e-03,2.824590044065050307e-03,5.854666749964495577e-03,-3.769299583466863626e-03,-7.369354993292434250e-03,2.140390403732059590e-02,2.868241930858356648e-03,1.096011779327633190e-02,3.690591957342837935e-04,-2.052341039342099951e-03,1.043446666883627617e-02,6.074507483297829531e-03,-9.687820545770555250e-03,5.523521485824636583e-03,-2.319618101005485947e-03,-8.733690813897038857e-03,-6.546936630419180128e-03
-7.824473581131863309e-03,-4.348467504922096279e-03,3.301694226708011288e-03,1.270119331267140564e-02,-6.623309933131990915e-03,-5.339415613202746526e-03,-5.517121033105210244e-03,1.249895915181773245e-02,-3.553762734805481893e-03,-1.511997971715890211e-02,3.503022176371466644e-03,-5.420845887813685940e-03,1.532708056268157048e-03,1.378279529510803916e-02,-2.020341520151165780e-03,-1.610071225820192131e-02,4.970187966587579116e-03,-8.511879260959833576e-03,5.463318461476025789e-03,1.294202299516536599e-02,-7.694765174193908541e-03,-9.630975787872662897e-03,1.182072892153372169e-02,-4.750147460049746265e-03,-1.726836543982357419e-02,-3.956089463397975681e-03,-1.141382876388955143e-02,1.130786237024413278e-04,-6.778250039422725921e-03,9.508062481654375522e-03,-4.870126837442236012e-03,-6.016670237230570262e-03,-7.352541525276436911e-04,-1.135906633366032953e-02,-5.536076290165522514e-05,1.576229220910763812e-02,1.554210651993499434e-03,2.428464116827422706e-03,-6.057341348659281942e-03,-1.392730750163515517e-02,3.844064989119940802e-03,-1.243470910642770384e-02,9.692324263551174365e-03,5.824666565602979428e-03,1.032216458453830837e-02,-1.284333087005044144e-03,-1.384310009559026368e-02,1.209002746962195736e-02,-2.386506263627584216e-03,-2.340469947114883886e-03,9.792128808414820099e-03,1.304937411812314395e-02,5.341291780195895483e-03,-9.353364834652252557e-04,-1.498012529330425453e-02,7.245107838960207275e-04,4.744735741061769816e-04,-3.253613395395381185e-03,-3.778832255527782291e-03,7.868843891263418901e-04,-2.677616900161112600e-03,7.774645553492371894e-03,-2.075278205988149668e-04,-2.176864993295124853e-02,-6.029390657099060850e-03,7.583283991539792671e-03,-1.434710633001194495e-02,4.763009913003978316e-03,3.836522875316801117e-04,1.759618878868990290e-03,-1.731315218002635672e-03,8.566112867744064829e-03,9.338915907223920704e-03,-7.697136881350781674e-03,5.334627340825886382e-03,-8.609030803535196869e-03,5.609814874442451034e-03,8.938722142025009448e-03,1.050436614538869870e-02,4.967911858017790699e-03,-1.202341321816344059e-02,1.483093981804084124e-02,1.871392111091584737e-02,7.160139471098267427e-03,-1.913704692932469489e-02,4.891937084290534470e-03,7.469398513018730285e-03,-9.582624408928782853e-03,-9.483254182554915618e-03,1.016420459599009325e-03,-1.416142647355048308e-02,-4.530538233585779188e-05,1.447813560931232504e-03,-8.259287137510690690e-04,6.313845736181653186e-03,9.125917645705791670e-03,9.175638182447905591e-03,8.322553018957084062e-03,1.080626314742166340e-02,3.696288747689418022e-03,1.688619504778891486e-02,-1.372539433673219435e-02,-8.073502300221189684e-03,-1.213162223852082278e-02,-1.104689737303188486e-02,5.999004921583099819e-04,1.223114700608714592e-02,3.132660340883967540e-03,-7.841349105504053906e-04,-5.105481362864225034e-03,3.957054446081869140e-03,-1.209250135208319969e-02,-1.056930836127745708e-02,-1.624248977074398831e-02,-4.000373925060410861e-03,8.217728159092064708e-03,-4.434639160800635921e-04,-4.170838351459407213e-03
9.470431734332256102e-03,1.239553700400430544e-02,2.597791238622962004e-03,-6.409937970299921239e-03,-1.345572611776287009e-02,2.231136481358192078e-02,1.031769145977223454e-02,-4.392407388071318760e-04,-2.687234418540092925e-03,-1.220884059685065776e-02,-5.216742070584623990e-03,1.553580675155901824e-03,-1.048331579552991971e-02,1.029886264557812762e-03,3.003360528450973576e-03,1.401393806889933251e-02,-4.966432662564170420e-04,5.693354255987428600e-03,-5.278436534841943369e-03,5.854487220537505157e-03,3.230981589285820185e-03,-2.539978452533375383e-03,8.646092615017739180e-03,-1.190936403437278454e-02,9.530206174449641632e-03,1.179603206831366172e-02,-5.211012648049923729e-03,-9.885811154949396620e-03,3.241498945311884101e-03,-5.824711994693549527e-03,1.784780440041982066e-02,-1.219599578359460354e-02,1.258254703511151040e-02,-9.803271919620294098e-04,6.466952487786715303e-03,1.458243362890816741e-02,-6.118462151498565180e-05,4.442851290009679731e-03,1.017051549572559228e-02,1.442149236932538034e-03,4.877052272340341027e-03,-4.642818013401066660e-03,4.280769227725407240e-04,-9.264029135819706190e-03,-8.496973948209991107e-03,-1.215979819594114816e-02,1.342689672560111631e-02,-1.958812899640781889e-03,8.410036834354945451e-03,1.314643506053790340e-03,-2.166632435579922758e-03,-1.756322752620310306e-03,2.338623852004679659e-03,-8.691178993322588170e-03,2.255274231025991127e-03,-7.636276161081588174e-03,-3.175803355636791763e-03,-1.209697422292581141e-02,1.599718504509574715e-03,-8.105995441387875422e-03,3.363479029657889807e-03,-1.127280226686943644e-02,-1.469736122338154843e-02,6.364643430117733654e-03,-4.631366019776066677e-03,-5.196674665813331637e-04,6.250643111195920698e-03,8.827222779768882296e-03,-2.765192359826974724e-03,-8.859057052464026005e-04,7.453054532456250721e-03,-2.412111593910084076e-03,1.438876232364549868e-02,-6.599609444298216478e-03,6.801596340965898775e-03,3.244113124561109548e-03,1.686721299637606100e-02,-1.500834620003570728e-02,5.786887837455777575e-03,1.508508192956877674e-03,7.164449158813171632e-03,-1.912013624975679232e-03,5.730378526459715613e-03,-7.193165873587353126e-03,-4.317759809151943372e-03,3.262349201804289316e-03,-5.426479321582174629e-03,5.665736663247857019e-03,-3.209667209715485678e-03,5.739225042395587617e-03,-6.217764167981226992e-05,-1.491065933643880709e-03,6.974151893430603419e-03,1.569094397792892420e-03,7.077075259993367493e-03,-1.279310805900671540e-02,1.547392300240148406e-02,-4.622859059906358516e-03,3.948346389709310976e-03,-9.020098435823527272e-03,4.437469929830583173e-05,-7.916630548288719135e-03,1.533157039582276789e-02,1.622112030936789795e-02,-3.041919955792020749e-04,7.010979107505498076e-03,-5.294244411347843841e-03,-8.766138190462977346e-04,3.314314273559136777e-03,-2.473928720796559179e-04,4.964819722833190745e-04,1.024443796156655762e-02,-3.098061164474418070e-03,-7.176998704950134263e-03,8.837419551139528984e-03,-9.117477841895253515e-04,4.907021220295627352e-03,7.577932458496183625e-03
6.512380504265955286e-03,-2.736082292501599688e-03,5.018905968756837491e-03,-4.521039756189730759e-03,9.839692679594939928e-03,-4.363936391482851028e-03,4.114892743523139093e-03,-4.527471344385867839e-03,-3.023238624504604529e-04,-1.723681883627729708e-03,-1.184398278116540262e-02,-1.307996706601873352e-02,-8.867508775619287187e-03,-4.791769292710039777e-03,3.266799304033957650e-03,-3.618932237260427502e-03,1.541971182350934839e-02,3.266069173618453732e-03,-1.759691204827831205e-03,1.454783361365582280e-03,3.465243306296641925e-03,9.787264962910723759e-03,4.579490719758786722e-03,8.258961084512803433e-03,-1.253447375805797270e-03,8.631024432452663250e-03,5.610089557098492516e-04,-2.081184895559222512e-04,-1.426068722562731390e-03,-1.096351853716586409e-02,6.116246838912111966e-04,-6.436974023339346769e-03,-4.157504902782597177e-03,-7.673227045882457902e-03,8.425393156106651682e-03,5.178366801043387223e-03,1.937251269671850249e-03,1.130509650801918980e-02,-7.707653355337361172e-03,-1.562935938486142984e-02,-2.289135120810481278e-03,-5.121583801898068646e-03,5.366752704389529151e-03,-1.550936137273458207e-02,1.618401146104930105e-02,-4.808870008327439244e-03,-1.511827715411760698e-02,-6.413170115133581643e-03,5.756678282380500375e-03,-1.466274022815665639e-03,1.447047809341353401e-02,-6.261295097092561476e-03,-2.479210776043428658e-03,8.823986435775331210e-04,-4.400765808160242779e-03,6.018448332499075175e-03,-1.017116497946393867e-02,5.798453903292435062e-03,2.455150203889785825e-03,3.136770449327765196e-03,-1.913602160844446193e-03,-3.866521349169894321e-03,8.247539089005804375e-03,-1.040698911290552017e-02,-3.747673925847971616e-04,1.553147536235205579e-02,-9.086986618150985281e-03,7.509002014755555149e-03,1.969805664690221520e-03,9.509695203173891206e-03,-3.575154866066533252e-03,3.401047294775460042e-03,-1.441322262371509330e-02,2.022596907282904824e-03,-8.615434328979104314e-03,6.804540039092066804e-03,1.389159626995377372e-02,-6.889205547872604730e-03,3.980861190037617188e-03,1.006542420806835368e-03,9.268066197319253102e-03,1.560909774500329403e-03,5.816572331051194159e-03,-8.203990144211397578e-03,-8.684756458682283201e-03,2.698159279315469946e-03,8.135041171267544391e-03,5.802467809755074146e-03,2.075979660791637919e-03,5.975150954506975448e-04,-4.561879466592864626e-03,-4.578724771799885665e-04,-2.167616346025397905e-02,-4.311863956796955881e-03,-1.460444541659914599e-03,-4.009516105965382597e-03,-3.923243742870443848e-03,-3.591838649171348163e-03,-5.771660382088740493e-03,3.202935179302354067e-04,6.132198125222310982e-03,1.634836725019470777e-02,1.230331520512575189e-02,6.182240121199064978e-03,-3.075624172753954697e-03,-7.814053933771762661e-03,-6.812725519072437320e-03,4.658560053185601714e-03,2.109177431879599577e-04,7.197879317569110674e-03,5.766125618511740505e-03,5.735285223444928047e-03,2.706806227803641805e-03,9.595503434529769823e-03,2.046311237005656383e-02,5.855677521951447445e-03,6.299777879581898096e-03,-3.868239396751072846e-03
-9.465363025898123131e-03,-5.817770132489819349e-03,-1.251323523844702530e-02,-1.366684057836667875e-02,4.471695927473908795e-03,9.234687656097523636e-03,1.065835967654382536e-02,-1.970407175074376585e-02,-6.982003928415026796e-03,-3.275435375304584437e-03,-7.730300623049183271e-03,8.339008400184515918e-03,1.268278342444720003e-03,1.431395769233055094e-02,1.358622664143493107e-02,-6.060944543259299058e-03,1.597158802507689856e-03,8.152727577490761829e-04,1.586821546122984920e-03,-5.465835673734031723e-03,-9.686983897886245962e-03,4.873438153134953404e-03,-9.976850372237227801e-03,2.798726424177775882e-03,-9.239621207428791103e-03,-1.820127755895897120e-02,5.269081645288111251e-04,9.082482836061877077e-03,4.341209850912255974e-03,-8.131246820353943373e-04,-4.746426815993691766e-04,1.917035180032595348e-02,-6.102784049157839678e-04,-4.758348703274155843e-03,1.655160086626511658e-03,-7.009516049091767467e-03,1.618690406610557827e-03,-1.016503178418968860e-02,-1.999828248676142894e-02,3.032922730041649056e-03,-1.235915757184909841e-02,-2.775575963831108635e-04,4.869675892193632734e-03,2.710518104535292617e-03,3.868577495191297903e-03,-2.038360737816850496e-02,8.198806876456840587e-03,1.988086378745323318e-03,1.837494553101036085e-02,-6.401762263736731316e-03,8.102331956175500699e-03,-7.281127900481459449e-03,-3.880162175946647810e-03,5.122832753812285068e-03,5.200482782684622170e-03,-6.666866129960906211e-03,3.016711791566446983e-03,1.492856066744676843e-02,1.113712942019331022e-03,-1.663185880641845221e-02,-9.593908538722386095e-03,-3.363226474400439047e-03,-1.028116214471802223e-02,-6.654166793142879052e-03,5.262671721447000246e-03,-2.098947936187499017e-02,3.732268488215035630e-03,1.681179319819232389e-03,6.753870124103563723e-03,-7.579123565217757257e-03,2.924927309906673583e-03,-1.378491602352122742e-03,-5.821511040201984670e-03,-1.242561278256772974e-03,-1.272293352011640358e-02,2.866735097813728934e-03,-7.204087686707648722e-03,8.784705674166091299e-03,-1.157597082353938218e-02,1.716341097418004266e-02,-9.603332026396051158e-03,-2.325140184149558729e-03,-6.750766895786818045e-03,4.782043040689242484e-03,8.165276135874836513e-03,1.729096705222024286e-02,7.160386661987222772e-04,-3.446707419651416290e-03,-9.631086608035360416e-03,1.216717100588765154e-03,-5.453526444465750002e-03,4.143085939800865945e-03,-2.601604966819514621e-03,4.002192590019074299e-03,1.883279903856976099e-03,2.413079134007877543e-03,-1.126076456272777099e-03,8.641983387665161040e-03,-5.136366489729111279e-03,-2.851905701030373139e-03,2.108417584475239925e-03,-5.152375941120677753e-03,-1.777667089837414553e-03,6.743991500361230275e-03,9.007505512878391301e-04,3.565280759254311430e-03,-5.999739324628768772e-03,9.361354760745194820e-03,-1.212770729111576186e-03,2.047945796055744127e-03,-1.527988045483865374e-02,-4.411747967498066622e-03,9.429600763214782827e-03,-7.679318811370582998e-04,-2.100833440902216513e-03,3.618865783892964618e-03,1.369460507880124883e-02,-5.778795281321601196e-03
-1.998068284783900759e-04,5.266596967287666756e-03,6.180591606328818786e-03,5.849536388456702367e-03,1.214703398071224232e-04,-4.758873990196479768e-03,5.923837940151021643e-03,6.779855242549560511e-04,-5.691460350235354355e-03,1.996632538296701925e-02,2.373938817187787407e-03,8.829280279202261902e-04,-4.296334094340105783e-03,5.844715222121653645e-04,-1.410476533922337856e-02,1.191114051020356231e-02,-3.355286529038737590e-03,-8.523013557882498301e-03,8.905582867363534723e-04,1.025579158654843373e-03,1.211190170750074679e-02,1.220182530019519283e-02,1.437393706942456315e-02,9.056284839882050575e-03,1.769581022495555654e-03,5.912525041435415935e-03,1.060741916958706649e-02,-8.145169000600041564e-03,-6.824748585525633460e-03,-1.720158882646982039e-03,6.355524259458293808e-03,-3.829184595909401485e-03,-2.697505263962652299e-03,-9.445558244100073220e-03,-3.095003672277444901e-03,-4.997861469722353171e-03,3.812009383412934532e-03,-8.877013527615870703e-03,8.824283233282879599e-03,-6.873797976390541402e-03,1.075364801619346517e-03,1.581206599407258134e-02,9.946279824308514386e-03,3.417455014359658660e-03,-1.559153997652580528e-03,2.888856296904284554e-03,-2.070274987657098453e-03,1.340094928202657538e-03,7.327865032608534175e-03,2.954166547322747277e-03,4.022359690760316658e-03,2.833647711777118484e-03,4.450901297624969971e-03,1.200856376742011344e-02,3.714825693063208110e-03,8.106289745527354290e-03,-7.370474616953750363e-03,-1.315787002896088957e-02,-8.462222120733674940e-03,9.383983144854354461e-03,2.181684614267461798e-04,-2.061660947240542829e-03,-1.911178825385192190e-03,-1.167647797818028611e-02,6.708380973026141329e-03,2.531282504360866156e-03,7.785374399231599456e-03,-7.816474149835276469e-03,3.326215353209436947e-03,9.198441170163542888e-03,-6.158899028360925385e-03,1.579737490631609106e-02,-1.978049784208253897e-04,3.181824319250563249e-03,-4.755423386922894707e-03,4.863764556088181167e-03,-1.165094442815900640e-02,-1.894116648652680122e-03,-1.122333571254852764e-03,-8.506148860102213244e-03,5.228184724710597392e-03,1.879467166292807983e-03,-1.161484771737328510e-02,-2.867269771564700132e-03,-1.174939461666125312e-02,1.313311383116604232e-02,1.008124644759178339e-02,-6.931027300610743307e-04,1.289240122078016797e-02,1.964373699558444753e-03,8.755767876471661111e-04,5.440238008617008167e-03,-6.058873680482604503e-03,7.999083842214085513e-03,-6.426128520881716800e-03,8.619007179421043705e-03,-1.033375805949684817e-03,1.214644717070453156e-02,-3.245268356355923006e-03,-3.712140466240629929e-03,-1.414925802278390633e-02,2.831178353633728370e-03,-2.359083127084983262e-03,-4.707597754672353252e-03,-5.914378529183214259e-03,1.177089201977030326e-02,-1.799884899673741961e-02,-7.427680526871201054e-03,1.036216651213498451e-03,9.795927148089801986e-03,-2.272557286310592992e-03,-1.519708135721256452e-02,3.991321924328880728e-03,1.007585278786127074e-03,2.433504424922596637e-03,-6.074749513218821555e-03,-7.461621545012901875e-03,1.706768725150605015e-02
6.525928084222802628e-03,-5.690257232165431625e-03,-3.336880403293437675e-03,7.129987717954444984e-03,5.577875772042675817e-03,9.700164865200961925e-03,-1.325309086334793343e-02,-8.928924484139750400e-03,-1.817677071621785073e-03,-1.039254376490766386e-03,-1.067230253852662590e-02,8.126353791285543388e-03,6.354036261525937597e-03,8.760469110463207920e-03,5.401957234052668505e-03,7.296343655217461290e-03,1.064433109443933996e-02,-2.524390021781288632e-03,5.818112737945257268e-03,-2.950857789840339272e-03,1.347682154195363122e-02,-7.311696078114683466e-03,-3.960256067919097969e-03,-5.069757060242981866e-03,4.962967379113162724e-04,-3.019011979244844764e-03,1.677778111691301255e-02,-4.130967798671023559e-03,3.481558015540475639e-03,-1.894148396001572475e-03,2.550353705297235887e-02,1.126178483114190394e-02,-4.829114474531077429e-03,1.780155632641534707e-03,7.575374922983732148e-03,7.690554084384738399e-03,-2.767200408873093194e-04,1.652416638151313691e-02,1.436708183424764175e-02,5.034845881255098875e-03,-2.871302968139699974e-03,2.066615765825857969e-03,-3.039222484494404509e-03,1.089941329649484272e-02,-4.477553123618535982e-03,1.260928333785377858e-02,7.234865554583307275e-03,-6.169894889536882074e-03,-2.534958118235106951e-03,9.599612108814889813e-03,2.058183326565688007e-03,-1.795429966093844976e-03,-5.310254977630746685e-03,6.369821859027896029e-03,-5.241327502334611893e-03,-5.933691552124425658e-03,4.492558216860973418e-03,7.661151756336452394e-03,-1.072645474695354574e-02,-2.210346290928749593e-04,-2.055538989358905114e-03,-1.319761372368960864e-02,1.915840995097583058e-02,-1.275410390886399029e-03,1.180707445023981015e-03,-4.925183669255510897e-03,4.350120775805012101e-03,-9.422903970904067047e-03,-5.464227335882962389e-03,-8.208410248324514782e-03,1.193295450667752541e-02,-1.037145420250157150e-02,4.109093508551871807e-04,-8.783877299358502228e-03,2.333253588743245538e-03,8.053179428160736619e-03,7.996458364865761644e-04,-8.642982226732695561e-03,-2.095185224227579489e-03,5.288092140529858517e-05,6.003239811213745974e-03,5.650086161803902218e-03,-1.820445238301764568e-03,4.872239073009140831e-03,-8.273465213736156190e-03,-3.498518326665394328e-03,-5.678714274831906869e-03,1.454640784943029598e-02,-5.832936712761084899e-03,-2.306527746793372857e-03,5.574569208603412027e-03,1.583652591966455518e-03,-5.170869873183874844e-03,4.998111331493734766e-03,1.543561229527398541e-03,3.837035963104148874e-04,-3.698991040769896571e-03,-2.607332727955886508e-03,-7.045979611381186086e-03,-8.725808850009507053e-03,-1.890582626442116414e-04,4.433644955577307860e-03,1.672203988178364801e-03,9.391545468453603223e-04,2.811029873016418750e-03,-2.266036475499686419e-03,3.397463352203153016e-04,-6.437517273162315055e-03,-1.320340404066050119e-02,2.939976507709263914e-03,4.334206964386821438e-03,6.712172682531698450e-03,-3.880080823128632256e-03,-1.065685183636932076e-03,-1.098610801517401619e-02,2.807131773787015835e-03,1.695267169107662853e-03,-4.307970423806824754e-04
3.429718554383042947e-03,-1.385239819670467352e-02,3.841874117215454253e-03,8.609642515665464138e-03,4.089477095163033052e-03,4.186035841047776838e-03,-8.192677477124533231e-03,5.440611831970447107e-03,-9.757974721633913204e-03,-1.159980512861148727e-02,-1.227383748184862275e-02,-1.223390325699477525e-02,6.444050262439134221e-04,2.017505954703661345e-03,-2.986876437682753176e-03,-2.982680117594250450e-03,-1.929993105361352962e-03,-7.160960968426286280e-03,1.673145708134172408e-03,6.260956190253500267e-03,-1.713794062798371142e-03,1.237558220931636067e-02,-3.063867148177874550e-03,6.786809427307538946e-04,-3.646868704553675108e-03,-1.184330814217643326e-03,6.869676987223881544e-03,-1.755844558948315218e-02,-1.335712987088289241e-02,-1.222351604182915843e-02,3.505206557194415250e-04,-1.063587663428164354e-03,2.290800602306302444e-03,3.230593112302463689e-03,1.015410576133511135e-02,-4.398610584733446405e-03,4.689229036781059588e-03,-1.551403274243659015e-02,-6.290879457073281222e-03,7.147042695195616503e-03,5.875700506127533307e-03,-5.209561631291362641e-03,5.175603585751509771e-03,1.323813562822680201e-02,3.662726016574330279e-03,-1.024141577893139705e-03,-8.235797669572674645e-03,1.082879333656978915e-02,6.561930508325554065e-03,1.176245590922944933e-03,-7.160980182138003414e-03,7.910224925967381318e-03,-3.435296689409470926e-03,-7.874200860274255948e-03,2.208359194233427102e-03,-1.355860219454362199e-02,-1.074741421700187724e-03,9.187347246216746866e-03,1.975537067281577311e-02,-8.872189292962946380e-03,-1.147361996359841027e-02,8.425743802222390375e-03,1.093376550429324412e-02,9.637379213128701707e-04,3.192732832423406022e-03,-4.752903852595740698e-03,-1.184901819165327594e-02,-9.426341229953493286e-03,4.937463288681710055e-03,5.964685546326632323e-03,1.055762616420130237e-02,-9.051887203415915836e-03,-3.108831685438325290e-03,1.226868655080692698e-02,6.539235308643141439e-03,-2.894407808359149032e-03,1.175190468802222304e-02,1.255603310495356957e-03,7.451408237985001140e-03,3.598384244561885544e-03,1.676517044398680850e-02,-3.475359177314511078e-03,-5.054108963583356200e-03,-3.411063310833816354e-03,7.313382647073617994e-03,-1.873819073404578775e-02,-5.581016542835026337e-03,-3.546643014042618128e-03,-4.634207049826277215e-03,8.050991204125872852e-03,4.346229578644113917e-04,-1.040145583646515798e-02,-1.482118041465746959e-02,-7.286483378642265828e-03,-1.620696675029447299e-03,1.419122229222848086e-02,4.123656181928160754e-03,-1.312492255191682715e-02,1.638262661575624717e-03,-5.898925330020076790e-05,-1.102530131310232482e-02,6.610250593792447310e-03,1.000950523785402134e-02,8.268323445127455026e-03,-8.650067514613208816e-03,2.895809925748368320e-04,-8.315526005784633357e-03,6.159160288115341809e-03,-1.334292430763161846e-03,1.322597328957193091e-02,2.912665228583685446e-03,-6.537581584347914448e-03,-7.198516111183037892e-03,4.020618371004526688e-03,6.249879275857429632e-03,-6.917064900321866217e-03,5.458823527782154586e-03,2.285817201823357823e-03
-6.655968470937046258e-03,-5.353687118218533256e-03,-1.107170930427086447e-02,1.771083753524634041e-02,1.243096076814215710e-02,-1.194631191444264946e-02,3.682702530845256145e-03,3.879428605132655659e-03,-5.169889533327368808e-03,1.178814309435259437e-02,-5.539461419389554199e-03,1.111492313422723054e-02,9.636930563712715544e-03,-4.208635987370192726e-04,-9.407098094254525214e-03,6.360852418922413425e-03,-2.592082325844802422e-03,3.551363764999949761e-03,-1.089916194288753810e-02,6.944770372033045279e-03,-2.116605612778292220e-03,1.194422548168031818e-02,2.796468592318750342e-03,2.174911988569002905e-02,4.570886280913211662e-03,-1.752234162985003181e-03,-8.509286624073022012e-03,2.022571176195446605e-03,6.830469726452327583e-03,8.135111813323519635e-04,6.831271999451228030e-04,4.990344564392261949e-03,-3.273118368733616331e-03,6.150446071400254150e-03,-5.934005385884013987e-03,8.780621686294856620e-03,6.429327784388558318e-04,7.140804254043454403e-03,-5.959726424292634273e-03,6.053820967621709875e-03,-4.490929298278797336e-04,6.629914361245962603e-03,5.951112893562580421e-03,5.186819229530841013e-03,-4.329583650351339318e-03,-4.803166750661271196e-03,-4.340250237490515459e-03,-3.515737414205218634e-04,4.184402441717907303e-03,4.620139647847790708e-03,-5.287251485186128010e-03,-1.107875891310320868e-02,9.923090934276741770e-03,2.585556346986251502e-03,2.154910281000239469e-03,-2.788899337575958138e-03,-9.183123396940214705e-03,-8.907108870152670790e-03,-5.569317981678314003e-03,-1.070370141119920092e-02,9.434817155562342378e-03,-6.815374625241542479e-03,1.130847069258545008e-02,-2.397357774504401136e-05,1.597153194454710434e-02,-6.745442514541647935e-04,-1.804211501570627055e-02,-3.841500286014816294e-03,8.420036361706056266e-03,-3.381970844448096286e-03,4.235487735718281022e-03,-1.135241776493929600e-02,1.453343601159362694e-03,8.673408576431876696e-04,6.375898174646473134e-03,-5.867105426445069641e-04,-1.105510395262769389e-02,-8.192537072725362577e-04,4.910963713225134294e-03,2.486309384508133581e-03,-6.790323409293985875e-03,-1.296687991110945931e-02,-8.416693718850941711e-03,6.851671938749788991e-03,1.060718692195021517e-02,-1.007549618675496574e-04,1.017092695641169317e-02,-1.336664550539507987e-02,6.860007343226560451e-03,-1.149888094512182928e-02,-1.679362922273689275e-03,9.910884246157858866e-04,-8.797655497072219251e-04,1.603612339926345151e-02,1.158384409786264289e-04,2.323025271061054508e-03,4.770289062520532627e-03,-9.440303300404016482e-03,5.368324811417913602e-03,-1.767236373546559811e-02,8.089489186886952149e-03,-6.129554480465004319e-03,-1.509710133706041455e-04,-4.413562372130190592e-03,-2.155882212995396258e-02,5.543869521466095879e-03,5.402910260366400666e-03,1.263413680850396757e-02,1.476106187884808005e-02,1.463801527715849352e-03,-1.240642559924748714e-02,6.409069693672791827e-03,1.315341861125569368e-02,1.275391326119410147e-02,1.956507021381789259e-03,5.439946887193786293e-04,-1.864437358674235587e-04,-1.173711750274340320e-04
-5.939853181930029348e-03,-6.236599453311409899e-03,1.499987771144681639e-02,4.849872914255288527e-03,-5.333848773832088660e-04,2.125656207115553947e-03,-3.948403654066720558e-03,4.944807198767217811e-03,-1.163050288747310675e-03,2.148946970703150233e-04,-3.849622447438260080e-03,-4.341911174337111101e-03,1.269286160186073502e-03,9.570355103321910931e-03,-8.228769400455382107e-04,-8.822847027297292880e-03,-1.294115207699637719e-02,2.194535020968596713e-03,-5.378022213337770724e-03,6.989589816856204250e-03,-1.558733632856554481e-02,-1.485287791653970915e-02,6.517607456032041904e-03,1.192779951010641652e-02,1.380599544895319726e-02,9.991760699846348980e-04,3.146928763424104106e-04,-7.879264244725825081e-03,-4.438416870061059373e-03,-6.439181109270119413e-03,-8.422572385042183599e-03,-5.182224182927455333e-03,-5.671217868670553122e-03,-8.591890926240867889e-04,3.692136824486887126e-03,-3.788282135325817847e-03,1.629828863124660812e-02,1.475901195096417963e-02,-1.152564911389524459e-02,6.760446130680750326e-04,2.610681331709698884e-03,1.766358017920124793e-03,8.908976210485689950e-04,1.485018662828444490e-02,-5.679420479122111905e-03,-7.860640971640440317e-03,7.906785149550019445e-03,2.668855129056286676e-02,-1.990888309338051040e-02,8.969609777620160887e-03,-1.250339303514447567e-02,5.951104758268520485e-03,-2.744830838093969844e-03,4.982187225793855735e-03,-7.925261343519439741e-03,3.583901409688040017e-03,1.092718167307672392e-02,1.991613956760461806e-03,1.019352557017993294e-02,8.554421215930353229e-04,6.211350153568521645e-03,1.099597966609657321e-02,4.430680935835421518e-03,-2.655542804921912862e-03,-6.429559309006366123e-03,2.151019522999969395e-03,-9.514472397162777872e-03,8.464178447147783363e-03,1.019749337317236819e-02,-1.607659323577603772e-02,7.500029008191086768e-03,-1.865374131310306534e-03,-1.745433362732227078e-03,2.633236297755942902e-03,-3.423275059111178988e-03,-1.101542052541035384e-03,1.460878259839505037e-03,-2.530371496668619002e-03,2.264179061681676972e-02,-1.358141635529288693e-03,8.135700321825249659e-03,-1.800223611131460469e-02,3.663865576599341280e-03,7.506593651618906175e-03,-4.773721525899368191e-03,1.587284382126780830e-02,1.341823855394026679e-03,-2.397258292582892143e-03,-6.117374618604730016e-03,-2.210556254813423151e-04,2.288231931209759595e-02,-7.400380963853262634e-03,-1.378598935025051805e-02,1.224641631312229674e-02,1.203550577643428682e-02,-3.325687733304077964e-03,5.893410167128668511e-03,1.958860135951377961e-03,-1.509942582269388836e-02,5.124140678157430287e-04,-7.731401281740834380e-03,-1.777825719773148266e-02,9.277026214563900350e-03,-1.271677007811021672e-02,-1.212169632345387431e-02,3.613007162770169849e-03,2.870863823233820063e-03,-4.787002029417185972e-03,-4.488725809757495048e-04,1.247949204549578250e-02,5.660296735779897503e-03,-1.121532640801972854e-02,1.005733767044074412e-02,4.646975192726583194e-03,2.340961282075323079e-03,1.538662529842129475e-03,-1.513535637297127928e-03,-5.755011188931788597e-03
-1.656014838313861134e-02,5.000026631773824524e-03,7.275538821371643240e-03,4.456641754707633095e-03,6.837180118860935844e-03,-2.917732283766317439e-03,9.081995064310623492e-03,3.169871188382343032e-03,1.922435673932431852e-02,-6.591907514896902173e-03,-5.323307342112875568e-03,-5.278566841688204538e-03,-1.461122497526314359e-02,1.702889919385787779e-02,-2.802698258112186307e-03,-9.347290868318985793e-04,-1.304729070218657062e-02,9.634570851221310739e-03,-9.500668780775359604e-03,-9.988620967527318817e-03,1.502629025176356950e-02,1.211744884239310521e-03,1.772756985524973072e-02,-1.287085773840577173e-02,-3.615375373006876353e-03,5.250111597723079379e-03,1.463168258039607150e-02,1.583367619927587844e-02,1.439389755847377515e-02,1.023339846297692535e-02,6.097988159448864201e-03,1.449734034775342247e-02,-2.760915880321060042e-03,7.357726357107568539e-03,2.000369590113785720e-02,9.098220965250508607e-03,3.628493277340808626e-04,-1.173276460216205255e-02,-2.277257917837364684e-02,-7.743645014391330531e-03,-9.762573848982093044e-03,1.063940885042416289e-02,1.239639656810345020e-02,1.238458750726127190e-02,-4.131751618912968098e-03,-7.096097062072078375e-03,1.517420524373876319e-02,3.722063255164528676e-03,-1.724254502783787682e-04,-4.642192056326968110e-03,6.955066720757229273e-03,-6.690062750025365691e-03,6.507237983418167997e-03,-9.129915644692324431e-03,-1.400547142598163389e-02,1.078601238997838573e-02,-1.542103569815114978e-03,1.781450883511715355e-03,3.032416982109402501e-03,-7.987887787226954570e-03,-2.643246228945079612e-03,-1.375011272441466030e-02,1.826972196975637161e-02,-4.699622341369119258e-03,-6.376766625521095282e-04,1.937755308092019985e-02,-3.080172656427932788e-03,-9.471846675528210538e-03,-4.743720819335437919e-03,-6.468622656794146674e-04,-9.423101566712886387e-03,-1.513160066239490828e-02,2.183336186419917654e-02,-5.340922434758666468e-04,5.710223961567098896e-03,9.880389986143467071e-03,-4.559433406224402095e-03,5.432097713939607400e-03,2.461205450731939999e-04,4.190163924854167429e-03,-3.120302622362965128e-03,-6.647461123531316594e-03,-1.241264289854266886e-02,-5.608147072779458633e-03,-2.826046160809194546e-03,5.023735769116173186e-03,2.369133710940019358e-02,-6.032678548310138454e-05,-5.822417804004366426e-03,5.660886818778735306e-03,-1.223064449182427980e-02,-6.328002857450946289e-03,1.922567763438789296e-02,-2.124299973679169042e-03,-1.529276438730143607e-02,7.598932442449192817e-03,3.041410173617497149e-03,1.626825154085493469e-02,-5.155267600742312502e-03,-5.033153642467738144e-03,9.973911787473546675e-03,2.676054356300545684e-03,1.350492927096576430e-02,7.851406402942536986e-03,-4.796599559031165458e-03,3.312419040856632354e-03,-7.206969413555200203e-03,-2.831719718794990879e-03,-1.561589720147479789e-03,1.091681953386264455e-02,-1.194752703322297938e-02,-9.899575243660484886e-03,6.661296431286059527e-03,1.875453620431594484e-02,-9.747519936424803647e-03,-1.598827751697872238e-02,4.747199416609034286e-03,7.022298541811391494e-03
-5.805990253429853948e-03,2.523645458610803121e-03,-4.201366526266472022e-03,-5.489273716141305787e-04,1.444960399774562320e-03,9.640358746030548015e-03,-7.812916715291323613e-04,-1.452090181409407786e-02,-7.509065974547437204e-03,-2.955219842912841337e-03,-9.683944406820407975e-04,-1.108602795347987538e-03,8.065571344032582482e-03,-2.290719662741812473e-03,9.543717158633713976e-03,3.603155171029243965e-03,-1.594921198979933757e-02,-1.109089253375332776e-02,-2.799831918165743110e-03,-3.171516468765270616e-03,8.999805474122500636e-04,-2.743595385357251899e-03,-3.225583939944640533e-03,1.384509773389749551e-02,-3.042910582805398098e-02,6.134473855775428482e-03,1.192466686410256944e-02,2.398759166743251459e-03,-3.435416259265655983e-03,7.871241179914107225e-03,-1.436487588641487123e-02,5.374341422756756179e-03,3.026288425444344232e-02,2.975452065626910114e-03,-4.796654463836542981e-03,8.923557516937455011e-03,-8.217421264597079200e-04,-3.801507360356985981e-03,1.924263045909610156e-03,-3.247672733145932043e-03,-5.373921473331903439e-03,6.222649948238155766e-03,1.987972427970316914e-03,8.506610523588222644e-03,3.586537145682351050e-03,-1.408283004673292760e-02,-3.594796296111800373e-03,1.293158237992630792e-02,9.121430814851151647e-03,-3.777671810456299534e-03,3.539316756408957855e-03,-7.205887791218340858e-04,-1.265250210789968348e-02,7.796845666712995089e-04,4.717980432043047262e-03,1.121654598291773296e-02,7.926177167756951955e-03,2.105921218594406299e-02,-5.387103360920364415e-04,7.971545485194787145e-03,-5.694107782373925529e-03,1.069373301046055470e-02,-1.777749632518277030e-03,5.476797047523620718e-03,5.739188180882073310e-03,7.027843965958907027e-04,7.022485711870129002e-03,-1.603425699378668509e-02,6.247552412120558132e-03,2.612860125041975741e-03,-5.729592737776833915e-03,-1.183908070039400157e-02,4.150295277548852850e-03,2.243381928126999755e-03,5.878512620683879961e-03,-3.907358652366442649e-03,1.076661891842338459e-02,1.205776748112661429e-03,-1.158075678216831036e-02,-8.959936341994479553e-03,3.143806379366651665e-03,7.886648584605951764e-03,-4.513711079785789199e-03,4.918395228004229097e-03,-6.375970069027601245e-03,-3.735981429454724584e-03,6.266698143374375106e-03,8.330885016048544117e-03,-5.044387066891782914e-03,-2.526003332829842435e-03,5.513520828778627376e-03,1.476340840869232868e-02,-1.038371656373641462e-02,-1.191329588647571658e-02,3.631079670802691770e-03,1.440708757410501945e-02,-3.507966346375263923e-03,-1.134350990439705192e-03,-2.723934696072682037e-03,-4.554164590920455231e-03,-8.286546866149097426e-03,5.434434984494006422e-03,-5.240727559748414865e-03,-7.393051534438211878e-03,5.717907194831600010e-03,-6.401412562362151192e-03,2.590534643526483643e-03,1.461228146911928635e-02,-4.879221628540943677e-03,-3.426273547566369604e-04,-4.835490555674824310e-03,-3.633298319036952755e-03,-1.993160623135419463e-03,8.752223153812299650e-03,1.408090294016857771e-02,1.717416873192397289e-02,-1.497124645800627452e-03,2.612677820120226386e-03
6.352747544975254762e-03,-3.509922088908022826e-03,1.090777344251749915e-02,1.160131726018918258e-02,3.017721243368798757e-03,-4.399472715180592457e-03,-2.034575623697059115e-03,-9.662503250352777809e-03,6.633013206702775659e-03,-1.467227668766092966e-02,9.655018235316540146e-03,-1.474448202674829254e-02,3.057045299139173381e-04,-8.090300072490480554e-03,4.419713505685063945e-04,-1.740728431913220881e-02,-1.223212807964755601e-02,-1.333572264873650239e-03,1.556498182763437627e-02,-1.215544826450461365e-02,-6.183312421918607527e-03,4.774587801888241848e-03,2.976142719756304234e-03,-9.817725368853969306e-03,1.740530112987651035e-03,-1.061999747117988932e-02,-1.696511132948814223e-03,2.249169121479846142e-02,-1.443242374513418937e-03,-3.528232752030252919e-04,1.408210158417048767e-02,5.693949371997860699e-04,-8.309777966807839478e-03,8.020902603516229940e-03,4.756089857929773359e-04,-3.684254538249653703e-03,-7.888874180672245107e-03,-4.844661518426010560e-03,2.474317335155677266e-03,-7.606631992991885749e-03,-2.103328465715352882e-02,1.816829821893466840e-02,-3.648873441825455956e-03,-1.855283852563857562e-04,5.723510082514466843e-03,1.109442272428094213e-02,-1.287286181891538969e-02,3.263046485258185980e-03,-1.537984485649071011e-02,2.697679915945301946e-03,-7.177589251936179228e-03,2.333694181060603015e-03,2.498447112473556071e-03,-2.976782501174355354e-03,-3.971578053792451310e-03,2.481452295648747114e-03,2.388541272651141349e-03,-1.193656380043085947e-02,4.185316935996029504e-03,4.898479576703891093e-03,-7.069472125510953449e-03,-7.147551071056544580e-03,-5.391153034473509208e-03,1.638058799342241882e-03,-5.082715464976080011e-03,-1.072520689549259776e-02,3.924363046065260270e-03,4.663808913514973058e-03,4.695951463389217047e-03,6.106574937426550477e-03,-3.475496097668210986e-03,8.620195376025714673e-03,6.888280257247859396e-03,-6.727334154967810897e-03,6.177055529560418826e-03,-3.073202807067827638e-03,1.062099098478733877e-02,4.424787219198545720e-04,-1.157869685340559215e-02,3.460039114016757230e-03,-2.264719727778435887e-02,-1.930766002523384272e-03,-3.593079346069498470e-03,5.600380480063634099e-03,1.573275116763749037e-02,-2.174451661816629699e-03,1.674474556124478080e-03,5.762710261233297895e-03,1.081239752536331325e-02,-1.091403266896538715e-02,2.183348946093033175e-04,9.958889590556090424e-03,2.677927540998256261e-03,-1.367145851513564166e-02,8.603647157046622959e-03,-3.626299647578687542e-04,5.976455865932177834e-03,-1.189476398730338579e-02,-4.743858822883050864e-03,-9.242076936922917832e-03,-2.497415303604060520e-03,-1.395111643140741972e-02,-1.711091728407429513e-03,1.061697887092422597e-02,-3.213785802020615104e-03,8.316145655127876041e-03,1.016397120011020699e-03,-5.765307008884264749e-03,4.094510516758147547e-03,-1.239604449172802087e-03,-9.000122680397472028e-03,-1.645180096792141222e-02,1.299065840259967276e-02,-2.669089693259484464e-03,2.476275047917849705e-04,-9.791862686587963702e-03,8.418229487299635702e-03,-6.191362758077803390e-03
3.629790875082224925e-03,-3.495058757693208194e-03,2.980370272059167710e-03,1.523905538831338453e-02,1.009067619322064416e-02,-3.390189355219442886e-03,-6.957299131451692535e-03,2.130738138878972288e-02,1.205600016454360691e-02,4.519234428011283111e-03,5.744749148952633380e-04,-3.129701584360361673e-03,-1.129222113102364535e-03,1.064281700900900247e-02,-5.753393511627780815e-03,1.888415031735406462e-03,1.062894457012166383e-03,-8.289609678661954625e-03,1.552595229701009228e-03,-1.945688189600595919e-02,2.937750029871755934e-03,1.800119644262657527e-03,5.346347830516085149e-03,1.075320580682574689e-02,-2.794038333474086117e-04,5.047953436527466940e-03,-7.608450185342018751e-03,-1.908781139343520899e-04,1.086879608491281464e-02,2.793191391251751473e-03,-2.617069756421027023e-03,-2.298615915035345184e-03,-1.044550798495411451e-02,1.390838764279479431e-02,-1.105726559507653334e-02,-3.005556352518818763e-03,-1.082891472230280462e-02,7.763246384408681007e-04,-1.673160514632575846e-03,-3.963856422005756705e-03,-8.055081777831417725e-03,4.075046076613624869e-03,5.987583668124304460e-03,-1.063221004169339311e-02,-2.049378110108621143e-02,-6.723011506176039542e-03,9.499554923565195139e-03,5.594836898740151478e-03,-4.422307632114827816e-03,1.274900917793774825e-03,-1.216432006460717308e-02,-5.449939238583201805e-03,-1.410969250210985550e-02,9.425337381994679589e-03,9.645315493889794305e-04,-2.691860643664127552e-03,1.192474119274746988e-02,1.156836370197699901e-02,-8.311599171606828818e-03,5.847357646934279660e-03,-1.709693993095860081e-03,-4.925406574957338912e-03,6.456781598705743815e-03,5.459193312113548753e-03,4.662495218272064493e-03,1.351012558689902460e-03,2.465628264380030112e-03,1.509283868627956174e-03,-1.359627149773665880e-04,-9.682872429513447732e-03,8.242391786604583506e-03,-7.040719557039728984e-04,-3.495697742430165390e-03,3.329611797692391423e-03,-1.729028403969962158e-02,1.012201587258765474e-02,-3.585052641558457431e-03,-6.144085340537148478e-03,9.466085740479266396e-04,-5.924868033803357484e-03,2.631684055292688416e-03,-7.502368059250822709e-03,9.296316062897033716e-03,-2.746207501805410667e-03,4.516885973221885673e-04,-1.690333572097874092e-03,2.701858613089001999e-03,-4.037444934279025080e-03,8.448060535572215340e-03,5.611620066555911496e-04,1.654201947989959037e-02,2.796778900501394787e-04,2.380245919853164142e-03,4.970294535024595908e-03,-1.068903935597107988e-02,8.318788873425811414e-03,-4.043233113301373735e-03,-1.558468084211375206e-02,-2.867471241106683572e-03,5.984091644701900132e-04,1.758310457025230068e-03,7.585696347929779017e-03,-2.291593786643270677e-03,8.161968567419103371e-03,-6.213031859119664234e-03,7.071032145455647408e-04,-1.000977204675986693e-02,-3.564230841254116110e-03,1.275055554754737398e-02,-1.893396154613684584e-03,2.632669493359934745e-03,-5.846509347543463360e-03,8.945031588507446757e-04,-1.863361777853370484e-03,-3.041475950583982270e-03,-1.101228540858626738e-02,1.097922015146464252e-02,1.184164658505227306e-02
9.130122281008816107e-03,-1.112259220602274112e-02,9.515295517639835512e-03,1.053365209014789014e-02,2.643619185500036169e-03,-3.300924976009814854e-03,-8.161245525301601828e-03,1.496715330098381779e-05,2.639747766431226658e-03,-2.078845247182225381e-03,8.256669472529091711e-03,7.237663731483193544e-03,3.637699973090601033e-03,1.932106250173558706e-02,-6.602396575874258829e-04,-1.862322242108231272e-03,5.205563633936199398e-03,1.392510921210677634e-02,1.066902309730943392e-04,6.514519178584937502e-03,-9.252817117941965208e-03,1.401337947732288376e-03,1.485743773953219007e-02,6.458478450960905906e-03,5.801965368699870187e-03,5.504731917749336283e-03,-6.010128852818088716e-03,7.277099758461982003e-03,7.030810867602038140e-03,-3.650946583893429232e-03,5.320392414143942407e-03,-7.237883052160610543e-03,4.545846727730650134e-03,6.089351002694604964e-04,1.421395168576474605e-03,1.058647096888695911e-02,6.193789127284320996e-03,-6.247951793063163603e-03,-2.918144301677997373e-03,4.092192391864557001e-03,-1.498357957843338313e-02,-6.531672257056643852e-03,3.761423715151861625e-03,1.750914624134804545e-02,3.406386116490341207e-03,2.626856028799304851e-03,1.720147618587196652e-03,-1.272342045674701091e-02,1.828021565865770026e-03,2.168462119036965955e-03,2.223341521779276676e-03,-1.238384637077539086e-03,7.615607301821079346e-03,-1.369543155538146921e-02,6.713044033247697606e-03,1.359877347640694014e-03,3.131180917799911492e-03,-2.171466167949360950e-03,3.130908941973573750e-03,-1.144634897219997706e-02,-8.107731745923430627e-03,-7.546740370621325862e-03,6.744917692660764262e-03,1.007940128091803361e-02,-1.156544864652645638e-02,2.533986876726086052e-03,-5.820657324593535124e-03,4.426425428626363894e-03,-9.396669381566155697e-04,-5.262187560708764342e-04,-3.232012314516733223e-04,-5.684757195214921836e-03,8.356756871358875585e-03,2.901844799527561122e-03,-1.013896583280232862e-02,-2.032150435221912951e-02,-1.689685188104547578e-03,4.566008491234420201e-03,-7.843316470923792499e-03,-9.960121838844114561e-03,1.161147486028954630e-02,1.199689131521413689e-02,-6.623738031557895728e-03,6.178028085142442914e-03,-1.320605615079871020e-03,-3.885973393691316991e-03,8.869821920195027770e-03,1.381350841482473267e-03,2.629226075373440261e-03,-5.970209629146590487e-03,1.622504742273098502e-02,2.905808824900080710e-03,-5.949998270999960065e-03,-1.096931718269653945e-02,3.173655833950587025e-03,1.926942553933058125e-03,-1.176422704502891499e-02,-1.191321268329206123e-02,1.905658162102352726e-02,6.090315422046591043e-03,-9.253187375435739312e-03,4.873777612020228911e-03,9.413611027138179405e-03,3.766649314472204305e-03,-9.279372075305120787e-03,9.476444365780243434e-03,1.550216137180887230e-02,-1.532314097506008374e-03,-3.475407275989300659e-03,-3.489774474103917324e-03,3.233477490135889133e-03,-4.004433970681705972e-03,1.618069117740546887e-03,-4.906505640323098605e-03,-9.117590013590028478e-03,-1.168140556576374375e-02,8.537927391466672289e-03,8.451548924317540609e-03
-1.107917711283053566e-02,1.152312749287520005e-02,3.768279412389130903e-03,1.307886108251703726e-02,5.524123437511893608e-03,3.446118987020975119e-03,-3.408138478101333923e-03,7.657055937309960834e-03,-2.798919773087362763e-03,-2.419455637625132858e-03,-2.417976406028372448e-03,5.455639144338769210e-03,-6.094762963457769391e-03,-5.251173362406617341e-03,6.347968187478514974e-04,-9.304558983455578358e-03,-8.449654958022700252e-03,-1.532515914736096337e-02,-1.053850778081993726e-02,1.645286011778471897e-04,-1.783718749948936741e-02,7.510071782174964662e-04,3.009085656184655976e-03,1.559959809852930722e-02,-5.043685882037630443e-03,3.200750191401520971e-03,3.999934861436290484e-03,8.041550151279195507e-03,9.953912647093261443e-03,-4.770023643871976540e-03,9.821710055579059573e-03,1.343280322928132320e-02,-1.412673306268510780e-02,-6.560779142676668313e-03,1.028906274122791224e-02,2.672153275064053594e-03,-7.948542116485645195e-03,-5.103751042623190688e-03,9.834965926836850524e-04,-4.372385349148823035e-03,-1.829365113820080949e-02,-6.516299714363280905e-03,6.642098103756381884e-03,9.362714753384670033e-03,6.533961849358705352e-03,2.003528507487749386e-03,7.094146355340681318e-03,-1.570491272818400931e-03,-6.829754126664477898e-03,-1.185846362195489175e-02,-5.587187852797414686e-03,2.853926911744257468e-03,-1.145308279548594259e-02,7.106615876080675173e-03,5.261496831015746722e-03,1.498696525330974264e-02,-8.506190087840908437e-03,-2.533107375229596246e-03,9.293467398536606194e-03,-9.955691480391319625e-03,-9.978625436900284695e-03,7.033365462697191081e-03,1.821981365618532966e-02,-1.668776180398078013e-02,3.566577036158782160e-03,-4.245099618459255604e-03,1.018248142728015067e-02,1.583650410571347394e-02,4.879427283039352789e-03,7.922646031693764135e-03,1.208353368674823687e-02,5.137834163261612540e-03,1.919463456109664345e-02,-3.844604514396132624e-03,-7.037964002067529160e-03,-1.854823113031634982e-02,-1.281272148162745711e-03,4.873829631267528363e-03,1.032590596237001508e-03,1.503457257055262550e-02,-7.285098864659363474e-03,-3.437590070180253018e-03,-1.596694786632886281e-03,4.451241625871367631e-03,6.600161362242658834e-03,-1.436891331663882679e-02,-2.334641713968669489e-03,7.409539704859700480e-05,2.164691939483287877e-02,-7.922145209726847229e-03,2.353462802177810030e-03,1.028167379023117549e-03,-6.491324296263144798e-03,1.202656540481193519e-03,-1.111420417302235938e-02,-5.346251741721150426e-03,-1.616841016886031920e-02,-9.279034344048390712e-03,-4.881675364777560838e-03,7.090854649242393087e-03,-9.839742149447225708e-03,-1.257998071128239685e-02,-4.757437102747311304e-03,1.943208585045279671e-03,1.210165797393510448e-02,6.126031039738684229e-03,-1.630073508009339048e-02,-2.619727699286352861e-03,9.188617040608257694e-03,7.411032985379490366e-04,1.287020720265052640e-02,9.119871539731523244e-03,1.483883077252364305e-02,2.832997092629355000e-03,2.351154942512009675e-03,-2.424739753308599068e-03,-1.030168250832071489e-02,-7.087594654249503544e-03
3.017576317088756406e-03,1.270801962508130711e-02,2.096660704012589041e-02,-5.731561174111189476e-03,-4.008205566215365320e-03,-7.214859795976595082e-03,-1.157897754664947466e-02,-1.473801674600871536e-03,-6.247059756363555240e-03,1.062509427869789448e-02,1.301949847610350992e-03,-1.085429342618212181e-02,-9.404968843178905915e-04,-2.679209799859447877e-03,-7.670134591000336887e-04,-1.964233251346066828e-02,6.806516528375377607e-03,-1.896019580417271366e-02,1.247496736272868563e-02,5.352963440390942976e-03,8.373080785421906092e-03,1.543486468414988384e-02,-9.156589645564476576e-03,4.784777509579354773e-04,6.650779699591686557e-03,1.199070874183236907e-02,2.205675935770079477e-02,1.406351623756766853e-02,2.516185436351005018e-03,4.504200101543405499e-03,1.074409203192033205e-03,-3.712411716739719863e-04,3.625984955436380684e-03,-4.168020180501524029e-03,-1.296514915335168078e-02,6.763076632651795561e-04,1.031760034843809577e-02,4.737868790420875133e-04,3.616008111541636587e-03,-5.905457186327445034e-03,2.579733105782878403e-03,-1.258347129741682092e-02,-1.341002951191973052e-03,3.372447306591107741e-03,-8.644243346484652190e-04,-1.571065969722566964e-03,1.087112371823344484e-02,1.219825464653813071e-02,-3.829304821898147585e-03,-6.059767206012615579e-03,1.068657059605862981e-03,-1.104405268274903304e-03,3.530212783533567475e-03,6.536663904626341566e-03,9.238970253879373248e-03,4.906720988256538935e-03,-9.908726980708475879e-03,4.779776529829348483e-04,5.786903174637102881e-03,-2.080920249379827110e-03,1.207405076964862024e-02,1.427683316961177173e-02,-1.247036298726574184e-02,-3.018464845866535452e-03,-1.044946726666252067e-02,-2.064262796059822529e-03,1.504105614712719814e-02,4.646023364224795282e-03,8.513143614489232860e-03,7.055236091847291377e-03,4.821409873453185563e-04,7.263660029593561884e-03,-6.823464483417356063e-03,-3.788335357504226623e-03,3.376254137584889202e-03,1.332877506881951363e-02,-1.863199415782576182e-03,9.495459291787477357e-03,-1.041448891197494647e-02,2.070327759520145840e-03,3.591104151813052058e-03,-9.611230249583045324e-03,1.145418305658400283e-02,6.602607037949641614e-03,-1.633418706463091521e-02,-3.090849920512940292e-03,-4.177064935463391075e-03,-1.820166623565477046e-03,-8.590011090393331970e-04,2.238006274234876410e-03,1.132303558914405858e-02,9.027052163755253100e-03,-2.290816874687013824e-02,-5.600673061834612540e-03,-4.922710250507372071e-03,1.125184371200589444e-02,1.433643086135064255e-02,-6.074496512435791692e-04,5.721790182914210723e-03,-8.647997891506314233e-03,1.567083299891001069e-03,9.147872939197391334e-03,6.323543377650490786e-03,-6.585384316250475142e-04,-1.657952345284915280e-02,4.021753876796520027e-04,-1.067257547343884207e-02,1.392949964395497411e-02,4.672854958968845895e-03,1.221428471757101536e-02,-4.863070270681090108e-03,-1.092363131232388946e-03,2.999090134685300068e-03,-5.392316120394995485e-03,-7.823930256289536459e-04,3.596163633793498030e-03,-1.443295197790275949e-03,-3.993045806802567217e-03
1.056965317448646351e-02,-1.357461445368254860e-02,6.097510264974832436e-03,1.183495954199727251e-02,2.835338332049954554e-03,-3.201175586832517590e-03,7.824752807558805340e-03,-1.013514655661830032e-03,-2.632759357340342873e-02,3.768853710486733209e-04,7.714236991660420630e-03,2.745484390991102634e-04,2.087105558400302683e-03,3.269948059578627140e-03,-1.603557612412654472e-03,-1.771584245649904590e-02,-9.210195466459951408e-03,-7.464760762966736636e-04,3.065721787884550555e-03,3.787558911952408017e-03,5.516337250243379250e-04,8.797145364178861685e-03,7.474687576634190742e-03,4.018862039516950257e-03,4.268257081248920046e-03,-1.177365191369450677e-02,3.697534966962973384e-03,-2.411940189570089665e-03,-4.582494125999171490e-03,2.628731414952617442e-03,-1.213001630745243718e-02,3.905004483677755947e-03,1.054014233957070029e-02,2.282860355302146049e-03,-5.366264154563672555e-03,6.712469275195694128e-04,1.427322333495332878e-02,2.733633447541173895e-03,-4.307161403570243519e-03,-6.285250260951717738e-03,-1.951480594381879447e-03,5.922884425767817491e-03,-1.575758033345360347e-03,-3.817198461568520763e-03,-4.970121728427922235e-03,-2.211162288760057121e-03,-5.608627748726918065e-04,-1.887000493879820075e-03,-1.496261479185943648e-02,1.698504105638374987e-03,7.184100006691451767e-03,1.365636365658471317e-02,-3.173348037565541270e-03,7.975924285583187862e-03,-3.948022915475711547e-03,-1.785826414910501913e-03,6.197609699550964656e-03,4.756333257579784500e-03,1.095980752734562226e-02,-1.535654129058895961e-03,-2.569046329035272729e-03,3.361909087009205561e-03,3.335002642896522582e-03,9.077571335863834131e-04,-9.201601560018601161e-03,-2.650400112766525523e-03,-1.739367312589241987e-02,-4.791834074656341896e-03,1.805923137417592139e-02,5.002300958740122337e-03,-4.697658230111193510e-03,1.156424741024272493e-02,6.373875791465031734e-03,4.506768677755043466e-03,-1.215174199154569340e-02,-1.065840592258581777e-02,-2.729542687892968448e-03,-1.371869277534008098e-03,-6.364562414008809697e-03,-4.732311669001765773e-03,-1.358091603439388895e-02,-7.483496318242719575e-03,1.257541679736971958e-02,6.756427726351037222e-03,-5.994230931463924786e-03,5.176029863531859043e-04,-7.986584991622790522e-03,5.158854597390892006e-03,3.955144525867989626e-03,1.607231722235381507e-02,-2.782240677602520595e-03,-1.254189909915801385e-02,-4.306405341723833387e-03,-5.995557447646664845e-03,9.197620095832826151e-03,2.308914235580843046e-03,2.356548308127715159e-03,1.982060462184109893e-03,-9.066785914495899962e-03,-1.697267003115222883e-02,2.568285270956895822e-03,1.884507376407487320e-03,-5.637565944162991477e-03,3.129484584637300896e-03,-5.378100857246212625e-03,-3.863694315670512282e-03,-8.113904860280497788e-03,-1.787054987220807259e-02,1.465494200517843126e-02,1.384411006668350656e-03,8.658453982499834944e-03,3.211113943496015938e-03,-6.043045564625415360e-03,-6.168778719139128217e-03,-5.435675118078708325e-03,-1.294825678056244454e-02,6.233107137179141194e-03,-1.078033545129102738e-02
-8.351642110451637686e-04,5.946905556834389955e-03,-2.107016478639921198e-02,4.565422053653653972e-03,5.314220198338098257e-03,-1.906666091768480188e-03,6.939249396721801008e-03,4.272232577316964139e-03,-2.208209265645891956e-02,-2.135289863289268047e-03,-1.459822195620186051e-02,-1.027907064213914520e-02,6.039170543003269907e-03,-6.232264542588953314e-03,-7.205080443789205896e-03,-6.469193682929581194e-04,-7.840871966680184810e-03,-3.176840767273004032e-03,-1.808254846612932561e-03,-1.879898831833013784e-03,1.257165177216787791e-02,3.209612328461198486e-03,-2.253741838942351430e-03,1.106209122518009465e-02,-5.036994219143327827e-06,4.645048259422475401e-03,-9.606719322261359634e-03,7.576161501398762446e-03,-1.086768317242496487e-03,-1.947463961859508029e-03,1.384214633671087321e-03,7.237062091081969059e-03,4.761931992047527089e-03,5.486403815683162447e-03,1.446545176815954535e-02,5.414468102396824065e-03,-5.562814330750108852e-03,-1.017179397545122689e-03,8.002409359760593102e-03,-1.052621622801601202e-02,-3.987223438227550411e-03,1.384350082137414915e-02,9.421708940746315042e-03,7.083371495018976963e-04,-1.163535145007234565e-03,-8.773509810090828268e-03,4.861103347519865614e-03,7.793778611553925893e-03,-3.009314806672898747e-04,-2.309422188682336285e-02,-8.923272628975057255e-03,9.906114692785114584e-03,-2.871705572112065626e-03,-6.411009365293862498e-03,-3.636521406579816345e-04,9.445414167969491681e-03,-1.793119655892274006e-03,2.162195484172106490e-03,-1.858928467208645699e-02,-2.439383981420835922e-03,-4.753078388015394978e-03,-5.192197577098868651e-03,-1.518896650924668121e-02,-1.683647181819538513e-02,-8.031063911696048260e-03,5.764641713990314824e-03,2.634161407217938504e-03,-2.730029348167462553e-04,1.797155140894640679e-02,7.777285996121667024e-03,1.246562038792624512e-02,1.310316992652814198e-02,-1.011834714778703063e-02,-4.577269518590255937e-03,1.551846288493291190e-02,2.474361965768312119e-03,-1.197902410961697653e-02,-1.011718272827675548e-02,1.006049896818158283e-02,4.479614225197300729e-03,9.739149935103231723e-03,-5.008415439254027901e-04,3.816457068947873982e-03,-9.278664878051129036e-03,-3.242614528030251467e-03,1.088290226777128113e-03,-1.304291182666232791e-02,-5.326901917315361897e-03,-1.238425207521916781e-02,1.393657858551432174e-03,-7.550231609657481475e-05,1.667607174069783010e-02,7.088191711424459036e-03,-2.097989243754296886e-03,1.377586734067845877e-03,-9.611871890715903075e-03,-6.703480943930406437e-03,-4.085385763930223305e-03,7.181808503961348809e-03,-9.113312560349104072e-03,2.076561664022055081e-02,-1.278544276259708633e-03,-1.597854946350799922e-03,-4.178036728764098970e-03,-1.365469279990607840e-02,-1.249757232436645750e-02,-3.849811854459614900e-03,-1.274491508485677688e-02,9.061534271712409078e-03,1.492966842972280259e-02,-3.916406320517594117e-04,6.939579387756410721e-03,8.880517434134928625e-03,-1.773089300004324076e-02,-1.715157718638753680e-03,-3.180578566997974057e-03,-3.242168885942657043e-03,8.442265622695663274e-03
3.009589610385032896e-03,-3.336890851612785841e-03,-1.915982996935496757e-02,-2.358752864660139913e-03,-2.251718174896536102e-04,-4.744991672407146833e-04,8.308896480983238991e-03,-3.182121812614612313e-03,2.087262904271709914e-03,-2.451936751647725010e-03,5.866597906315836920e-03,-7.044706954054989929e-03,-5.345771550338538659e-03,-7.806015212248223686e-03,-7.406933453841385573e-04,2.720859469572022276e-03,-2.061220240598228299e-03,5.514021917949246156e-03,-5.445279796609554281e-03,-6.564710694503196782e-03,-1.184633963717122984e-02,-1.502887840960941569e-03,6.826318138395604494e-03,-4.496183632606512263e-03,-8.479274357686816116e-03,5.620903919748117955e-03,2.093839255162245616e-03,6.199762237377056534e-03,3.752137827666693869e-03,-5.696795696004963022e-03,-7.990714848448000548e-03,-1.382353748406090453e-02,1.076387936378959877e-03,1.105254901120546716e-02,-8.241848077900867584e-03,8.956876518919618113e-03,-8.759456656449461295e-03,-2.703374142683181991e-02,4.784907685704953458e-03,8.938675956275458218e-03,-1.255871989908870050e-02,2.746445071177657654e-03,3.719547104377335031e-03,-2.550772845375944790e-03,2.349453537087996518e-03,9.427138127162284012e-03,-1.546396827731100904e-03,5.963442208103019414e-03,1.440023125246067508e-02,-5.145695321736204128e-03,-5.479396550401912508e-03,-1.372579480972516142e-02,-4.207824202055724348e-03,-3.358161932559983794e-03,-7.912652807466089705e-03,-1.212359478359570798e-03,5.781621885117691406e-04,3.319153508137039858e-03,-1.804180994929603307e-02,-3.625432595447643062e-03,-1.626923498697120662e-02,4.026114621051073324e-03,-1.896815962092729402e-02,4.739520711877863619e-03,6.114931232870548031e-03,2.162737697466976527e-02,-1.576879393530375602e-03,1.029921651828557758e-02,-2.893633604017220844e-03,1.797547811282364585e-02,-6.290192903812895191e-03,-3.331198997259708031e-03,5.620437217962026728e-03,-4.576444490954308282e-03,-1.035961525151993766e-02,1.707294685691251521e-02,-2.008718553212829761e-03,2.440795875062502004e-03,4.225680104883299849e-03,-4.402489055929352177e-03,6.582092107944178226e-04,-7.475003763110751919e-04,1.395467731679992177e-02,6.748991750710374264e-03,2.253230541440494599e-03,5.120549355414859283e-03,-1.578617188210013761e-02,-1.377801755831079044e-03,-7.559163330843594528e-03,-4.315810743505143522e-03,1.702467359427975099e-02,-4.867054744217910386e-03,-2.939931081215561414e-03,9.050484977265167361e-03,-5.008661828335429084e-03,1.307803533609105083e-02,-1.932310022460065682e-02,7.369009471128622375e-03,-4.804481497280076695e-03,-1.253633653260690425e-03,7.287245969589488045e-03,-1.329955209102036580e-02,-1.271127761103643498e-02,-1.724178048590804379e-03,1.599880692815406832e-02,-7.780378881983631215e-03,1.836685013667941832e-02,4.098854712986897686e-03,3.230649319818675166e-04,-1.786067784569102604e-02,-1.121558603527545057e-02,-6.486630936432356311e-03,9.299142345789341429e-03,1.390884982717205572e-02,-1.250169838699424557e-03,-4.638338764337171342e-03,6.313041817914500156e-03,5.548705106607786965e-03
5.374336757136703550e-03,2.143388604100802345e-03,5.034016451426413276e-03,1.227235288321226747e-02,1.110665706062652185e-02,-1.102462385843315691e-02,-1.346919136388253363e-03,8.244853846656349100e-03,3.846334992216938250e-03,-7.063047627405447289e-03,-3.385967456887045051e-04,-1.180920105428020887e-02,5.467424468636788472e-03,3.022911778891358182e-03,-2.693440703640104152e-03,4.817803104171624294e-03,-6.058053163036648293e-03,-4.990820029119778616e-03,7.455511621227431211e-03,8.055363691925457315e-03,1.195787817448139452e-02,2.940650061417490941e-04,-1.966467506983614767e-03,-4.739507222521741059e-03,-5.445149796047839448e-03,-4.477510577627741295e-03,-4.377184308914846937e-03,-1.096519452662491657e-02,1.409440359932985151e-02,5.800338925211383570e-03,-4.858139755054956960e-03,7.862273980001366000e-03,-9.106304458559047466e-03,7.262409424339321762e-04,-2.367516320884183439e-03,-2.824340162537557469e-03,6.279955316617123404e-03,6.521519985240436905e-03,1.593991564205531064e-02,7.651875412073763823e-03,3.010358016440410622e-02,6.649794680948749315e-03,3.113257076049352062e-03,-2.068508724245321853e-03,-7.446159139569898978e-03,-7.482169128455866056e-03,1.018585201999504079e-02,-4.060789523386604976e-04,-3.164164914044589275e-03,-7.498239690952523788e-03,-4.117835215119438133e-03,-7.106309776414301664e-03,-7.787846577967066745e-03,-8.222046773034679887e-03,4.143223232978152093e-03,1.235232198690798706e-02,-4.928854344911967784e-03,-1.462763221302918089e-02,9.583901777326923237e-04,7.221816586440251221e-03,-7.016714879463404296e-03,-3.650731557377921970e-03,1.573816847635374017e-03,2.548770681404692335e-03,-5.718690915181433472e-03,-3.860003900633954873e-03,4.332148726450347868e-03,-9.501129505629610532e-04,-1.110056198061397728e-02,2.157097402540425707e-04,-1.062306860133910291e-02,3.589673549733309044e-03,3.924685398151129927e-03,1.178168026494506165e-02,3.630866426306633612e-03,7.931052808438629476e-03,-3.757941564846895705e-03,1.451214573666856356e-02,-4.908193393843567932e-03,-7.365807206206202544e-03,6.207583410771101186e-03,-2.572465650983057212e-02,6.602847561631424757e-03,1.177897948510570232e-02,-9.748989509825431443e-03,-6.622259266446458995e-04,2.037272164745741482e-03,-6.231361079492388731e-03,2.647291670596141084e-03,-1.595998459616623788e-02,1.752307848846849187e-03,1.542380307748108560e-02,-1.599287185284703830e-02,1.263437118688597038e-02,1.078142226685433608e-02,-3.646628043898612025e-03,2.225656171174443879e-03,4.284093639282363260e-03,-4.906355309672196137e-03,1.657522990088761139e-02,-1.594268653901129498e-02,2.523814644248862250e-04,-7.809085488143461748e-03,9.200063461580341301e-03,5.756882944507254150e-03,-6.492460709658063461e-03,4.247958102622574096e-03,-1.702261878246216472e-03,3.452126274630980523e-03,5.649673349386111210e-03,-1.132128350677567494e-02,5.256389593238474170e-03,9.711892114763627168e-03,-7.175717909767224956e-03,-7.169029219847741947e-03,7.291103400909560925e-03,-1.672508933120550254e-02,4.999126548824521857e-03
-3.630815139858869622e-03,1.600843671308839694e-03,7.502978618271507333e-03,8.405394265448770663e-03,-2.018445322145114192e-03,-4.487704412093515257e-04,6.834723304501033776e-03,2.719950592710669666e-03,-1.503683312010769667e-03,-4.230181556524214258e-03,-8.116808384141386765e-03,-5.357326579926270128e-03,-1.147964283464745008e-02,4.130836575934184601e-03,8.112001418239898204e-03,2.752777545998641353e-03,8.272175825863477966e-03,1.116529160120140890e-03,1.154447646467516783e-02,7.356657837330889908e-04,4.604914331884478983e-03,3.549053019641020944e-03,1.170562545646445363e-04,-8.585714913716498880e-04,6.548212029356170576e-03,-5.911711858171090662e-03,-9.460978895481463383e-03,-3.424635197759754411e-03,-1.981267803246001928e-03,1.238513424183715177e-02,-4.345161720027026879e-03,8.828874877500430401e-03,6.107220676592054094e-03,-1.313415700086933643e-04,4.183073376217791121e-03,-3.352413405864335897e-03,-1.086992973097938159e-02,-1.805204158263098990e-02,-7.121624897758218036e-04,8.716680390296566855e-03,-3.902217957921818615e-03,1.517003870612548041e-03,1.133502351010631792e-02,5.531204959747878895e-03,7.459957654163364670e-03,-5.332104616417501948e-03,1.329057024293958363e-03,1.967298207161273949e-03,1.221321681663527529e-03,4.325907102797115801e-03,4.175263874061151820e-03,-2.815089678897860891e-03,-1.327558666870361573e-02,7.629087435820325683e-03,-1.616196733818475414e-04,-6.719092181947305606e-03,1.033722351634747735e-03,3.372994535204556707e-03,2.395893030015211738e-03,3.356894052541149406e-03,6.260081029447306378e-03,8.918369577724960529e-03,-5.936076030252056268e-03,2.063649682976198790e-04,1.333618456521059800e-02,6.245835253241309802e-06,5.074110487112070030e-03,5.806464790347614507e-03,-1.837135978424237837e-03,3.047391498281080448e-03,1.447835162126379083e-02,-4.659290099552236206e-03,-1.537213544706023463e-02,9.335252235513720118e-03,1.019773372037549586e-02,1.149088096710624597e-02,5.117953474275289787e-03,-1.017038426315288249e-02,2.660624717291909351e-03,2.570547337380489714e-03,1.016397746510808164e-02,-3.797607973220183415e-03,1.115449364006127798e-02,-1.351154360900130337e-02,-1.099251868148503264e-03,-2.089439573668691943e-02,-9.926532299461209366e-03,1.722315222515201361e-02,2.473096646891149194e-04,-9.676614497628206052e-03,-6.963672917111331066e-03,-5.046000651466357560e-03,6.417918524257611168e-03,-6.021776370794353073e-03,-2.168704741001398293e-03,9.699762448032471160e-03,4.625312458099137963e-03,-4.973714925358621933e-03,1.034428895707216120e-02,7.478860161116483371e-03,-2.354830931958360948e-02,5.181701463024369209e-03,1.033527085885191984e-03,2.675169660864244649e-03,-7.657496195242398385e-03,1.090156733014590630e-02,-3.371075661603130640e-03,1.063888273627607711e-02,-1.802470192941133366e-03,-6.125421257470102347e-03,-2.316085390884759735e-03,2.043779750210445237e-02,2.195580575790721453e-02,-1.915409591079108090e-02,1.326531630149402645e-03,1.414868001215128200e-02,2.097405777453782011e-03,1.157171753964069153e-03
2.296732782615342871e-03,5.200061577061146877e-03,-1.493512075754193334e-02,1.863884894343162575e-03,1.022942623461112893e-02,1.120122696218681969e-02,1.100830142320560062e-02,1.081665841834303756e-03,-5.556996277970864886e-03,-6.279333813468773035e-03,1.439928027210723733e-03,-1.965968828414115313e-03,-2.362567314308877328e-02,1.187598481818435796e-02,3.182755404146120001e-03,-2.025358813766039035e-03,-9.531342686993269069e-04,-1.909550215758154881e-02,6.663599956533092401e-03,-4.178415278868284795e-03,2.182810324357604016e-03,8.069226638343545213e-04,1.188017766890585997e-02,-4.015153802140690280e-03,5.504204287926564056e-03,-8.176969371212506124e-03,1.018064157176496939e-02,-4.375005783260884165e-04,-1.039519340407077906e-02,4.548533203078635942e-03,-6.880029091096186329e-03,7.839249255442050715e-03,-4.765654667061290997e-03,3.857662316564276946e-03,1.189406537402151742e-02,1.320450629293170967e-02,2.158609563344761600e-03,8.142018477258924219e-03,-1.416288270942133928e-02,2.233862448624911873e-02,-4.556258953731745151e-03,-1.101598538706963009e-03,-2.164248102385268532e-02,1.106311220600080967e-03,-9.929919798589961679e-04,3.274642117712411784e-03,4.815416925182788496e-05,-5.506295037375100003e-03,-8.219247457998193895e-03,1.642615016185680968e-02,3.700322690714822824e-03,5.546336348511398361e-03,8.679578832544250847e-03,-1.320357356335467337e-02,2.625006827528017939e-03,-5.805707238676053109e-03,-7.159110099288158204e-03,-5.265484610541924923e-04,-3.163072874357779601e-03,1.805683725531872022e-02,-4.110384988152437392e-04,7.466513008720919095e-03,9.794566759908114942e-03,2.113866443671247666e-02,1.517785112546501079e-02,-8.882451053368363089e-03,1.391150788728595959e-03,-3.313550474391030540e-03,2.813100872174602741e-03,-9.339556518035514385e-03,-6.246327884989231506e-03,-2.524277457101230682e-03,4.731909420251235142e-03,2.795324096146456754e-03,-8.123849672646970069e-03,6.270896607362548905e-03,-1.819411705681405270e-02,1.881848059486735183e-03,-8.502015181786450396e-03,7.554268624876190122e-03,7.390529538346455804e-03,-6.065890300746515362e-03,1.355204641268255121e-02,-3.811642821435841724e-03,8.875269334767083712e-03,-3.434720311897769811e-03,4.294814542335828253e-03,8.289691634577484383e-03,3.701420613326241327e-03,-1.914533907288649376e-04,7.432435429908573407e-03,4.325440600558889785e-03,3.380842803362150029e-03,-6.922662323636261453e-03,-1.166016093460397161e-03,2.702052033861489060e-03,4.774034949190368582e-03,-1.439415284263407743e-02,-1.236083743962694027e-02,4.756645506697998113e-03,9.831291733443792494e-03,-1.416488518703016078e-02,-8.021813695145303333e-03,1.249940079796206527e-02,1.607620952217092645e-03,-6.608377457483840221e-03,4.284816394142237396e-03,1.352993617808941756e-02,-1.706552539488879637e-03,-1.121566853644496466e-02,-1.428804730834500568e-02,-9.384991427696384031e-03,-7.304910036711887399e-03,1.412809175814188668e-02,9.292392948801910316e-03,1.672923560478599067e-02,2.065853267104310765e-03,-5.030253273664666604e-03
1.041266788118735964e-02,-1.087180096033677455e-02,1.847852880017803508e-03,-1.628925242471084694e-03,2.393268806424924712e-03,-7.955302286377755744e-03,1.917041765764983512e-03,2.009112000895553127e-03,1.850921386602468952e-03,-1.013717015077966917e-02,-6.693410419959916133e-03,8.089367603570540854e-03,-5.631166639197443188e-03,-2.343704621177446993e-03,-1.415693976109828368e-02,9.981619228876963124e-03,6.330874035750559854e-03,-3.680735085261206165e-03,7.254066558147417160e-03,1.893270862503759018e-03,-3.986288825079385180e-04,-2.385550842837660512e-03,3.382597312534214428e-03,2.918705238862486385e-03,5.354368736891042084e-03,4.086301357405424349e-03,2.910278971229617213e-03,5.021171729459558350e-03,-1.148667532846708687e-02,-1.800996535928213460e-02,3.661904976645873663e-03,4.608453811444449162e-03,1.148964484162329300e-03,1.854704845222151718e-02,2.521726638464170597e-03,8.188979467730393355e-03,-1.671929151647016780e-04,6.826491288856473966e-03,-4.096211843857260212e-04,5.554793859637915249e-03,-2.909735174680128968e-03,8.418993334434273293e-03,1.140593318870679329e-02,-7.381371211491192033e-03,6.446472487819294474e-04,-3.987673235278639083e-04,-1.061255921354782063e-02,-1.207136634392533985e-04,1.258272037552391788e-02,2.051374486888141863e-02,-1.340149968857822817e-02,-7.349816748320111290e-04,-7.756612214761318506e-03,-1.054909469410848441e-02,1.301695729760918860e-04,6.065428399197177363e-03,-4.309698501164290450e-03,1.597741273819414110e-02,1.252898375510574057e-02,-1.269956749437970746e-02,4.272901182050950551e-04,1.649774540813343099e-02,-5.436774792696608995e-03,-1.003774674761021869e-02,3.668918799671103820e-03,7.250071406476070977e-03,5.580492073722327119e-03,7.457164557428600307e-03,-5.980368814562982832e-03,-9.361681708437978588e-03,-4.002562451284171798e-03,8.256007382297255587e-03,-4.527362788025468716e-03,-4.419612884298223035e-03,7.170561453002022821e-03,9.075692060351235949e-03,1.141312176356998895e-03,1.816235908176777256e-02,5.237636357653160067e-03,-7.075971278200805618e-03,-8.220867833266049668e-03,-5.812460192290908653e-04,-8.018997465288495163e-03,9.350597641398697814e-04,8.513555466184437315e-03,3.624380096814999556e-03,-3.687995759221694096e-03,1.209003291953104214e-02,8.601204267352057908e-04,3.747430294514493034e-03,-4.261258782860836460e-03,-2.030207577615880925e-03,-1.026665939687876859e-02,-7.038493918672472129e-03,-8.721351953229724771e-03,4.914934643421487240e-03,2.085790310914834370e-03,-1.531328525523651491e-03,8.648012030616620410e-03,1.964576645410249112e-03,-1.256811114710640158e-02,4.441726699363446150e-05,3.556119903902495768e-03,-5.221005065709538422e-03,-5.848123723665822789e-03,-1.106161257019044539e-02,1.484177208112110943e-02,-6.735380054255347623e-03,-6.288340643326359100e-03,8.498138047145194565e-03,1.283220344397159422e-02,-6.245742574982280845e-03,-9.712614078312751739e-03,-9.918890091406255480e-03,1.194237782598206628e-02,-6.246179563276317223e-04,7.392767573186156699e-04,-1.117023416623863161e-02
-3.206096115333984409e-03,1.238518133716048387e-02,4.527278505814539590e-03,-7.365145633392958767e-03,-8.434232448571903420e-03,2.760615692121258860e-03,-5.103616108751479231e-03,-1.760459299553448348e-02,-1.105445195294059088e-02,-4.411046955650309818e-03,-8.971139595026295316e-04,-8.161128465435244297e-03,-7.052578676818519951e-03,-2.483413812126773670e-03,-6.651854198772168443e-03,-1.521885244656024554e-03,-2.070851385396822730e-02,1.709403856201573797e-03,-5.499792514958118340e-04,-6.933534067557279093e-03,2.742025751344131373e-03,6.626604153582498630e-03,5.688193348964783094e-04,-1.463831178227515198e-02,4.045090560562155171e-03,-1.041153576531142011e-03,-6.942626691041302658e-03,1.626566792798897834e-02,1.410010567314835990e-02,-5.291212381449934138e-03,-3.220224693825448486e-02,-8.786905362643836204e-03,-1.891537293216249277e-02,5.157745867530346209e-03,1.297232951538649249e-03,-9.549276727564553555e-06,-1.133012110807241762e-02,4.558126074434252183e-03,-1.680315598666320010e-03,1.139690148592913425e-03,4.650635012727304639e-03,-3.306275359290172713e-03,-9.657726538258672221e-05,-1.256000870917232601e-02,-1.357311559101088624e-02,9.194884820201082790e-03,-5.311111311417868359e-03,4.627656321519102965e-03,-4.957909425242931073e-03,-2.512427871214549524e-03,-9.369301250163995440e-03,1.096389117024260292e-02,-7.100931461117011324e-03,1.220881884551635460e-02,1.894271757908443793e-03,4.818249780749532876e-03,8.332875102578672991e-03,8.831745267261378830e-04,-4.842704870661316240e-03,2.870071597982227184e-03,1.297008726275465000e-03,6.152757943442118717e-03,5.931825251997978853e-03,1.806192725111994621e-02,-1.754348139691192941e-04,9.069791252726226022e-03,-1.026765894054927630e-02,2.252802504606528800e-03,-2.502971453290176243e-02,3.236037645075973308e-03,-5.405583093943391523e-03,-1.229625425710164201e-03,-3.198316921314551435e-04,-7.105698479837389142e-03,1.014641377660100048e-02,9.372303084514355814e-03,-7.477465199495675167e-03,-8.038441741011391473e-03,4.448202097643594874e-04,5.498883500955550029e-03,1.130661321044166244e-02,-9.394333992123223356e-03,-1.595618009613321980e-02,1.058875046502690941e-03,1.110685902913166080e-02,4.124464762427126202e-03,-5.258712785563833189e-03,5.391946616101249770e-03,4.037218700582216775e-03,-2.479975761329725539e-03,1.542438782368054598e-03,7.712904299316717706e-03,3.405260092412353175e-03,3.679836134519565323e-03,-4.349552740601466999e-04,-1.322293400581333808e-02,-5.708023412956981114e-04,1.275492698359849408e-02,1.055130358489764393e-02,1.103639581279762180e-02,1.820008584409512839e-02,1.403361024744968419e-02,-2.391647525098654446e-04,-6.398130528060159972e-03,1.520862353422750045e-03,-2.793154106628322874e-03,-1.673835149667824828e-03,1.562051836691170405e-02,1.217477691583253481e-02,9.636493696321598787e-03,1.327993979504117281e-02,2.189198678771006601e-02,-1.783354281455321901e-04,1.957838331728317498e-03,1.521365584439039482e-04,-3.497666300153617642e-03,1.195936025280107048e-02,-1.317980918227091051e-04
-1.043817354108211339e-02,-1.711848463539328855e-03,3.213438597499382646e-04,-4.324278155666706064e-03,8.943808639084836407e-03,-4.732962268642906811e-03,1.559352739735914031e-05,-1.937672709504648485e-03,-5.079215820614292436e-03,-7.767207209939583010e-03,-1.132053087827358286e-02,-1.997368725109388132e-03,-4.094274858639581488e-03,-1.424513559186632236e-02,-1.555351510483540985e-02,3.489176504298416043e-03,9.254073690171636668e-03,-6.896779681998246522e-03,-1.826397814000610409e-02,-2.045508601376582348e-03,-6.375451265301881019e-03,-2.251227069737226152e-03,-6.151818321465904113e-03,-3.509407347417945952e-03,-6.255573224815703113e-04,3.251119330015272719e-04,2.665221762776489277e-03,1.743432364969134743e-02,7.789155786123851696e-05,-8.949346575592305973e-04,-1.108119640975038095e-02,-3.639977866759414645e-03,-2.686190889509194359e-04,9.059238351620964416e-06,1.169534395997112557e-02,-3.659151000910948644e-03,-3.589518682949321970e-03,-1.530143672103084253e-02,4.333751763707836824e-03,7.427864674584894189e-03,-1.053148020792518159e-02,-1.016734200001650048e-03,6.465565483239535567e-03,3.599287575632448017e-03,7.215236802197389984e-04,3.134645628438468938e-03,6.478314464660427097e-03,7.308640798222354462e-03,6.457326217052898436e-03,-2.087265268441891152e-03,-2.668892294524905298e-03,4.294748964518218040e-03,-4.430506972780143618e-03,-9.378039323964514409e-03,1.209077083179574928e-02,6.904282781071611986e-04,-6.583018477497333933e-04,5.045766422447727981e-03,1.221312652832016532e-03,-1.006896955858593325e-02,5.931398682481151506e-03,5.912343918165617780e-03,-1.611888729033208708e-03,4.430515334941321527e-03,1.090732635558577454e-02,7.495352606867976275e-03,-2.224837773309116737e-03,1.455234666284444304e-04,1.083561450902878996e-02,-8.573929335225089973e-03,1.967292698129398734e-03,-1.213962252166621205e-03,-8.786648575082804495e-04,7.347212410360788419e-03,6.859511570955482973e-03,6.735334919479683304e-03,-8.067430479623127889e-04,1.495310271517419007e-02,6.142433162468161414e-03,-6.319779019353701996e-03,-1.215492879241070884e-02,-1.096389327626373471e-02,-4.621738847191847292e-03,-7.864869405609774961e-03,2.559010400353150388e-03,-3.758816278591857376e-03,5.368330047144956492e-03,-1.788973198350048968e-03,1.863654285312008356e-03,7.818004028272710487e-03,1.403776296768605679e-02,1.334076140248391038e-02,-3.380641924006247152e-03,2.006639414076215322e-03,1.278110336497484054e-02,-1.280059348292036546e-03,-6.736990913020756214e-03,-3.142003287053470387e-03,-2.515988884663988151e-03,-1.693614514130654600e-02,-1.492981163517384698e-02,-1.113478911908925536e-03,9.304959671803881205e-04,6.320823571303558867e-03,-6.431527052732589379e-03,9.412137648922071567e-03,-1.648262133479967695e-02,6.529088335167338927e-03,-2.323924303614359997e-03,-6.627963337525710243e-03,-4.129702628707831308e-03,-1.015907312122932282e-02,1.313509504085027049e-02,1.004903773003839630e-02,5.887273457691515922e-03,1.294681758545612044e-02,7.160383620802822542e-03,4.441540990599248361e-03
7.290572680321610183e-03,-2.147076941763579813e-03,-1.024957343038344557e-02,-8.151947699723776850e-03,3.107778226657550210e-03,1.102359391207223755e-03,-1.552057759130520166e-02,5.570953110628009373e-03,-6.306943244701306711e-04,-3.192805297379856366e-03,-1.764324287899583094e-02,-2.779826035436111617e-04,4.850020095858242376e-03,3.015237729047189411e-03,8.397946363194932345e-03,1.156033942950165537e-03,-4.783483500058174388e-03,-2.897869944311080252e-03,-9.952900131147253415e-03,3.111485969592540576e-03,-3.464340891316186003e-03,-1.473961612398837391e-02,-1.573222328783563037e-02,5.347025959564585817e-03,5.877875483355448835e-03,1.902189426943014239e-02,-2.725373384838507534e-03,4.051730702129338092e-03,-7.276681427978527739e-03,-1.577955618276538066e-03,2.309232490472207591e-03,7.470878273898793644e-03,6.684596620394764321e-03,5.612073835011221166e-03,3.404923034553304466e-03,-7.825867476525256994e-03,8.881319206187362689e-03,-1.333970191940730791e-02,-2.866592324417337450e-03,2.639979647277892073e-03,-7.599810665046945711e-03,4.920288100601201940e-03,1.689392216466690383e-02,1.075873078070029801e-03,1.257076888072769169e-02,4.060589460500088448e-03,-1.496981052275840433e-02,-7.980786752267309339e-03,1.652381625830020781e-02,1.474771692802765181e-03,3.752939046988441191e-03,-1.420488754276708412e-02,5.212142591131923262e-03,-1.758334508711664745e-02,-9.954723154477155417e-04,1.778481371376656149e-03,-6.458746831037157944e-03,-6.104789850737403489e-03,-5.129672233501440673e-04,-2.143090131719442050e-03,-5.605662847549226302e-04,3.630679339950239771e-03,6.647049112788639032e-04,8.328562544372352175e-03,-2.690308500548665212e-03,-9.927792840359939142e-03,1.241251665569260629e-02,-1.556165699476732417e-02,-1.097302524037066865e-02,2.216101437816027624e-03,2.182010013292853649e-03,-1.241931658682485923e-02,-1.146074432346166211e-02,-9.081633322147059442e-03,-3.145594859213333549e-03,1.062514794557731235e-02,-3.223696322745366744e-03,1.708422060654476039e-03,2.769004817293326589e-03,-1.059646745038196527e-03,4.218167672339825512e-04,1.949346963690988532e-02,-1.439688214199394932e-02,-6.769629262996805855e-03,-7.140665667955312622e-03,-3.386779555084022068e-03,4.683328741448926184e-03,-8.034290709697860730e-03,2.458602837873932506e-04,1.654782080180044329e-02,-1.569446992620165265e-02,-8.322225383050505312e-03,3.132716656863771508e-03,1.057800167674919148e-02,5.243821443386486453e-03,1.203012061896099015e-02,-3.585243745060361174e-03,-5.166823424355721645e-03,-4.695573031653113918e-03,8.235625565014129124e-03,-3.549768030888771596e-03,7.892387186293594106e-03,-1.295010732191896261e-02,4.072986772005193941e-03,-7.029679136721419391e-03,-1.045475619825679721e-02,-1.856705547656162594e-02,-2.513890472084894575e-03,1.254018592578071438e-03,8.744298571344353080e-03,6.928758969135917489e-03,-8.260996998327139323e-03,-3.608937872456302078e-03,3.692594441417167681e-04,7.535112498857337443e-03,4.511626696888853399e-03,4.744974531282291491e-03,-1.550784381381092522e-02
1.186220774580616991e-02,1.308024656551521345e-03,-1.669906036830341722e-02,7.885362788582416741e-04,1.561564216785652978e-02,1.986261251634940331e-03,-1.465718171122456235e-03,1.129256174219453110e-02,1.154162182509785826e-02,-3.288700880884030519e-03,5.968613083769024052e-03,3.315020079814440333e-03,4.646546495320811807e-03,-9.597074718562461845e-03,-1.641256006464079931e-02,6.687259702963779286e-03,1.930342275634066782e-02,9.327224867729983632e-03,1.985847085557027741e-02,-5.479604368849263531e-03,-9.114948769447838231e-03,-4.769287026947907973e-03,1.244263895109955567e-02,8.400519193767818152e-03,-1.173661178758740251e-02,3.110028550831520186e-04,1.899374768152930484e-03,-1.862209658650094187e-03,-3.772489080119450968e-03,9.417141497296268801e-03,1.006278386481834070e-02,8.919627957453220074e-04,2.132292618962691039e-03,1.424400854693122324e-02,3.864472596992267993e-03,1.022236887542363193e-02,-9.870503815054658403e-04,-6.783796484977405380e-03,1.543858274968499394e-02,-1.085856848582440271e-03,-6.636898377100334699e-04,-5.863358039027698546e-03,2.709788023944193283e-03,-1.213258794822072092e-02,-6.305470434489131824e-03,-2.262457351967737344e-03,-1.142884183657313577e-02,-5.933630203152398183e-03,-4.185174732463103030e-03,2.677632492206307498e-03,-2.151931057480967191e-03,8.707807905342507260e-03,5.473491452703594697e-04,1.988445830662796503e-03,-2.258761737030961624e-03,2.638103553279546459e-03,9.163779490601533725e-03,-5.691604589694886085e-03,1.147138434994814105e-02,-1.686112139521024102e-03,3.593012628095200011e-03,1.071047382284855565e-03,4.801567534666104434e-03,-1.640694946265626670e-03,-3.137001619492553114e-03,4.644575272804282381e-03,1.613767204431832553e-02,1.178066653232240010e-02,-1.194180187838334364e-02,-3.960493890963757459e-03,-5.792548883477114177e-03,-5.414418926519407038e-03,5.249719745198912040e-03,-1.259474877427602807e-02,8.039972140014520208e-03,7.908446563134001852e-04,3.443374841488291071e-04,1.641501523894269704e-02,3.684689121515245021e-03,2.614224417050141445e-03,-5.292905752742704632e-03,2.567467955750011611e-03,-1.915953323807448663e-02,2.394818539650876016e-03,5.893885816177770083e-03,3.650549654255384139e-03,-5.639909119143138305e-03,-9.368139631590758146e-04,2.654158818835586006e-02,-4.203424573993857528e-03,-6.117126006774088742e-03,-1.357279221925899884e-04,4.041895866515681467e-03,-9.695174615687448053e-03,-3.545170728958108117e-03,-1.154796802512907290e-02,5.758495904679460445e-03,-3.111796237022882231e-03,-4.439272867269249655e-04,-3.420994472671022666e-03,-1.951189106562193189e-03,-3.659858631363084851e-03,-3.529356199255613297e-03,3.562498767873295644e-03,1.558194696701483339e-03,8.968873573871551444e-03,6.715738591559775733e-03,-5.678920210966984829e-03,-9.623296974701445140e-04,-3.565102091982780882e-03,-1.216415666648568497e-02,1.042668223879025975e-02,-1.699028797727070855e-02,-6.115030112657558227e-03,-9.398448584326304575e-03,1.001735168036393606e-02,1.329677130421480285e-03,3.186713883555455668e-03
-8.372035352996371610e-03,-8.738684377502786010e-03,-1.397368973103858521e-03,1.352711347922870132e-03,4.343481908846102274e-03,6.305114968086783381e-04,-1.164150293258500030e-02,-1.358058051705361875e-03,-8.196311658480556067e-03,6.239775618369454956e-03,-7.233237311635727640e-03,-1.143170674830088288e-02,-1.036607826121634796e-03,-8.588191710162311129e-03,-8.893525604955236294e-03,4.279494199851415805e-03,2.937418883079575844e-03,9.213309584314903142e-03,-2.272849047320514657e-03,-9.199653126840594362e-04,-4.564923520612846480e-03,1.595039035264095989e-02,-4.950106516315086295e-03,-2.853457339851395505e-03,6.497554003581805862e-03,2.507637020095156502e-03,-3.329907426787468653e-03,1.207931549172288569e-03,-5.554602558879205565e-03,3.600478648293617846e-03,2.255673019994975433e-03,4.647644331439589570e-03,2.283626388475170493e-02,-6.214331413791397002e-03,9.781930989403518628e-03,7.298521147785310553e-03,1.312185349977710268e-02,-8.637286850437296201e-03,6.650336786117093911e-03,-6.046021080970079113e-03,4.225810713661125838e-03,1.952033487372115692e-03,-1.908663656802733408e-02,-3.073239630345355952e-03,2.529862072753119411e-03,8.240425084132079999e-04,2.230277046069444741e-02,2.918018478661302088e-03,4.168768651637082615e-03,8.788278469933932108e-03,-8.014716992525480060e-04,2.990215825352270530e-03,1.317070399066564996e-03,-1.604419636833410295e-02,1.782021360593581422e-03,2.035541753677155494e-03,1.206229138265735995e-02,-2.594831981372368486e-03,-1.026856505126436635e-02,-6.769847100875384062e-04,-8.597310477508769005e-04,7.826150533456492989e-03,-1.346426448439201964e-03,-1.637595329786885670e-02,-8.912568505089719234e-03,7.466083280484175043e-03,4.192694164918084679e-03,-1.501229320784287346e-03,-4.377666735691863875e-03,-4.138252874973449304e-04,-7.869615229832090803e-03,-4.283337825681122341e-03,5.497740467197074522e-03,8.422668118318148156e-03,1.752418458587914982e-03,-1.296222320028662077e-02,3.477310482451540473e-03,8.130955929703882062e-03,-1.211003973683669535e-02,-5.981502773465143148e-03,3.220372817215505327e-03,7.160064692766440406e-03,-6.052578576263554534e-03,3.447086739070450920e-03,3.949415847164063249e-03,1.017826789897002641e-02,9.953710156857637284e-03,1.329769700504466350e-04,-4.060462444124183536e-03,1.884410306732951096e-03,-3.055311548237382799e-03,-5.225736763940076919e-03,-9.585185199120148727e-03,-4.736523897745381802e-03,9.899529079323298592e-03,1.860178007937661254e-03,2.564677869777073731e-03,-3.848625218946413566e-04,-3.164558114747309352e-05,-4.589198757430732346e-04,-5.652368130170878045e-03,-9.263324953866216779e-04,3.032776494249095258e-03,2.888111654478714343e-03,1.250316889408518463e-02,-4.496139522404196849e-03,-8.715399970712219349e-03,-5.975925484980258197e-03,-3.711112042872321930e-03,3.264059196373642318e-03,6.236510432578715917e-04,-8.289309347706544026e-03,-1.119391586360966341e-02,1.101996851798923288e-02,-2.319050914928740686e-02,4.308847683292992697e-03,6.508949929685760218e-04,9.380069320064372135e-03
-5.086480925386940681e-03,5.881143339241905318e-04,-9.060886952858964241e-03,-7.100774560657722306e-03,5.730584193794829515e-03,-1.030121883296201751e-03,5.306757268924054520e-03,1.254162788587663731e-02,-3.053049178721444282e-03,-1.941867119987328432e-07,-5.532395681042574613e-03,-1.343348472298445603e-02,6.503223432029740791e-03,-1.126425841492437359e-02,-8.383773493504139210e-03,6.196698500481579407e-03,-2.463861947704437411e-03,5.088133705498056568e-03,1.160928959247168116e-02,5.265617478893342730e-03,4.231702045868866377e-03,4.363452883520159138e-04,1.850883143495450980e-02,-8.009439582976587285e-03,-7.787617274542757602e-03,-1.071501580014756934e-02,3.865367510991408670e-03,8.808900600622632943e-03,4.757593533634139546e-03,9.586350294479977288e-03,3.461963628307414102e-03,-1.155368742743139929e-02,-7.303627696045247517e-03,2.545191228100486449e-03,4.167849375428850714e-03,1.576067249063067832e-02,1.104923282759139556e-02,-3.693960020301693958e-03,3.770015626354021425e-03,7.946853772359711377e-04,5.751464722698571529e-03,2.670487499947780258e-03,-4.308590288743438176e-03,7.956945257748353900e-03,-1.076464692175019451e-02,2.263520333340162966e-03,3.634496681102079331e-03,-1.826634839304097733e-03,1.618902286847651376e-02,9.567142409309942544e-03,8.777741694488770674e-03,3.044559402366735917e-03,9.193758715328213121e-03,8.272177692541207022e-03,2.163567425336944839e-03,-1.657633338533465867e-02,2.373703572403259784e-03,1.940955767127151149e-02,-4.185164455912969601e-03,2.163879735544992598e-03,8.265980925424718656e-03,-1.551573889826123390e-02,5.464442609619760832e-04,7.496785877141055703e-03,-1.852909614113793998e-02,-3.686355961024067717e-04,5.105724607960105722e-03,-6.365983473913830459e-03,4.634649563947919847e-03,-1.358124897753178054e-03,-1.988517040737143235e-03,8.010904718997024360e-03,9.327266260448809077e-03,4.121356843164105006e-03,3.117867002267627786e-03,-1.276124767340850591e-03,-4.813892317539848753e-03,4.340853013912623209e-03,-9.056693402312116989e-03,-1.201134862863673970e-02,6.055893156006121776e-03,-3.687234809166944124e-03,-7.258069328079604955e-03,-2.092960306846518780e-04,1.867104725864288453e-02,-3.084827493383342049e-03,-2.044658465358387134e-02,7.779927941899565137e-03,-1.605945170088243735e-03,-1.155709107927837750e-02,-5.600169295408729056e-03,-8.368324011867118301e-03,9.264605510728281257e-03,5.080823794079270157e-03,-3.267889112097966710e-03,5.287940234721077298e-03,-4.669942344676325519e-03,1.036281580951700469e-02,2.538295732061327664e-02,1.980585037885744439e-03,1.428896036381213999e-02,-5.348018258768671811e-03,-1.177396351052779726e-02,-6.093701669465357261e-03,-8.613698845557872996e-04,8.421255450038821200e-03,-3.583724287270003295e-03,1.541268017528905042e-02,-5.472233806916911719e-03,-1.831095732871163353e-02,7.914694022262929243e-03,2.478504288289034869e-03,6.120537246842570368e-03,1.454789017923757916e-03,2.232865405475749441e-03,8.387744382216316685e-03,8.547538937858095362e-03,-4.394823741075436219e-03
5.781196164197269227e-03,-2.445585298750484323e-05,2.252818584790705278e-02,4.857247337163753814e-03,1.808667684134651621e-03,-3.124991936500243379e-03,3.053666632064668852e-03,7.064902982577643889e-03,5.624475836122917738e-03,-1.290130707074113071e-02,1.475826665263721589e-02,-5.511731738376005919e-03,5.196146974981817948e-03,-1.261897681250057253e-02,-7.716046105391239848e-03,6.705940428486851547e-03,-4.576375658704855999e-03,-1.044645094655153152e-03,-2.274999113473527654e-04,4.934733759776811085e-03,2.919322495597426615e-03,1.877870903042404283e-02,8.178979243761107937e-03,1.227339810788276829e-02,-1.225986484601376261e-03,3.992550352813061844e-03,7.676907815359053019e-03,-2.041717327312865884e-02,-5.859296325389892063e-03,3.976675542546587346e-03,-1.786146740404177466e-02,-6.340749287629553546e-03,1.218082666226328811e-02,4.565739768742703799e-04,2.380606965508277016e-03,-5.665033996497295145e-03,8.660791082875674571e-04,-1.509129298935247112e-03,-1.208876193277309309e-03,-7.164350892638604845e-04,-1.085814483702948188e-03,-1.127747882820457487e-02,2.768543548983530556e-03,1.551604667334072207e-02,7.608513262450279299e-03,-9.555145900415453267e-03,1.014321511805542537e-02,8.525156345902375199e-03,-2.980536379517677911e-03,-2.517741380463059918e-03,-1.805696353302049112e-02,-1.342108602806930256e-02,-6.217783126859001766e-03,-5.858622545161777662e-03,2.762917681398212419e-04,1.506349100308632637e-02,1.541885213861252709e-03,-2.158072484661750865e-04,-8.644428006850234797e-03,4.352644402044338924e-03,6.982399040261743836e-03,5.321518718204461956e-03,2.197013770383565798e-03,-9.997451489298534930e-03,8.451021539351165693e-03,4.400181167515836676e-03,-7.116334605967526358e-03,7.025805364065300027e-03,-7.997916979701931439e-03,-2.029561515727759148e-03,3.862538296305060345e-03,6.219203139291643728e-03,-2.454331169932232482e-03,6.023425162226900102e-03,3.039833855304595409e-03,1.759319180082688852e-03,-6.156489597276980710e-03,5.133975634615308911e-03,-1.758515267010530084e-02,-1.336716576491869541e-04,-9.168881488959815598e-03,3.460241392079323186e-03,7.002019286180286234e-04,-3.582511044411466287e-03,5.439144507635899385e-03,-3.756302950509168761e-03,-3.515290907978109274e-03,1.603581431044881836e-02,-6.046949746702947118e-03,-9.276678890548415400e-04,-5.433016153169110789e-04,4.480579776638596014e-05,-1.126790099195527223e-02,-6.049064721909738415e-03,-9.016929130927258318e-04,-1.056848352823297997e-02,2.059042856148792996e-03,6.890231397791097938e-03,-1.097206284994017671e-02,1.383425232554696092e-02,-4.178733737575736178e-03,1.107340873637337186e-02,-1.184136294705448542e-03,-1.515820253729257931e-02,2.164853464118600759e-03,-9.908781280920006193e-03,-8.007865386738824420e-03,-3.398160991870812376e-03,-4.161165189850489152e-03,-2.565998918958496428e-03,9.615509656815385666e-04,1.334134793072176998e-03,-9.948091602641050829e-04,1.596724306729743401e-02,2.612202486711256901e-03,7.171218941506313921e-04,-5.449232757087552406e-03,-4.398984584880284709e-03
5.220013778511452263e-03,2.489533117750848505e-03,2.867145674221434522e-03,4.154672715337041217e-03,-4.775528470838495275e-04,-7.821213993764125280e-03,-8.252126669995465610e-03,8.219748600708636291e-03,1.342705172796235073e-02,-8.855761724158988171e-03,2.877459115903628021e-03,6.963043762557662825e-05,-1.234621850522050123e-03,2.020791942282896408e-02,1.050310178283267448e-02,-1.424820850693972289e-02,2.156066092381619601e-02,1.918199635719286880e-02,-6.878686371623537674e-03,1.114687002100143119e-02,-6.177712187019528470e-03,-9.108900751004761487e-03,-1.787019145794916004e-03,8.430763931622854354e-03,3.058508802997390516e-03,9.560925338040640251e-03,1.374979199113724251e-02,-6.008644006377836244e-03,-2.142036838768044977e-03,4.941323226221860758e-03,-7.464334981585303043e-03,9.329771090113665385e-03,-1.381892340532159431e-02,-1.486442124549234786e-02,-1.008672255654579665e-02,-9.598520356209460508e-04,7.164461189033080428e-03,2.872129086698958084e-03,6.882743945385596390e-03,3.337926939399064354e-03,8.838143937486526254e-04,-1.404935417547839918e-02,2.469984582471744603e-03,1.548163030110276655e-03,6.862979255754323923e-03,2.720968206339636174e-03,4.802735154823181002e-03,8.421434244993768539e-03,-7.825576077761486589e-04,2.469007491658196962e-04,2.492987891932587578e-03,1.960419768956988065e-02,1.666387876700841861e-02,-1.144787457895968426e-02,6.860413369797088018e-03,5.852150924461551121e-03,7.425045606584745883e-03,5.636198720757858160e-03,1.075455296058017846e-02,-8.227050902291961490e-04,-4.718747259466343075e-03,-8.157396882871290750e-03,-5.297747934357712081e-03,3.878296014844589360e-03,-2.345479015131104409e-03,-4.564662141889009803e-03,8.084968907401278784e-03,4.259876989687508275e-03,-6.630890273740619976e-03,-4.141285557158301675e-04,-6.114799775706894307e-03,-2.122642103102879638e-03,5.450333979086751691e-03,7.190566218265319245e-04,-8.507383086070715097e-03,-4.519462563990469042e-03,6.285779638813463951e-03,-2.841845414496955817e-03,1.071197616268533548e-02,-9.291886192751026147e-04,7.358619032565854798e-03,2.418050756041369414e-03,5.039175241154440071e-03,2.074878854076123678e-03,1.920567076795095737e-02,-8.813827271998701113e-03,1.195755966813959355e-02,-6.464468811758925827e-03,-1.232394958001455619e-02,4.604297025203471505e-03,1.424073885211061662e-03,1.118152828659321057e-02,3.005677012441713893e-03,5.425825304760791695e-03,-1.208968982080483451e-02,1.185311055038485752e-02,-1.764658909434920929e-03,-5.868754133482237748e-03,-4.778974741831849490e-03,-1.966896468320604614e-03,-7.751825264971310683e-04,4.859848761330430936e-03,1.445016401314128639e-02,8.868503496430498942e-03,1.295561975985459746e-02,-9.355338678622667978e-03,2.033669331571870756e-03,-1.669201015345074882e-02,1.481291840645375564e-02,-9.135124819925141346e-03,-4.916632985793960992e-03,-8.990076859869118239e-03,-1.102667739801162748e-02,-1.746503563082718201e-03,1.866875612520525014e-03,-3.294435335504506627e-03,-3.501506369171350323e-03,-4.238478669019789605e-03
1.650081883303763236e-02,1.014721692973672915e-02,-7.264665307615626559e-03,7.066478974022162574e-03,-1.760947171069701667e-02,-4.364339255399317212e-03,-3.337381713937799445e-03,-3.545446871196848010e-03,8.847988762947353938e-03,-1.781003718272944000e-02,-1.368773554017877099e-02,1.032590624369923021e-02,1.045523443340439299e-02,-4.165530369903209379e-03,-6.429039228748927026e-03,-1.681498275423723432e-02,3.936139100645956804e-03,7.849677867459273900e-03,4.201547497733519251e-03,-2.603036924486744081e-03,9.319855684461364476e-03,5.035012600057486506e-03,1.014038524492611934e-02,-8.466684564337608257e-03,-2.208353281851164942e-03,-1.392128170522424595e-03,1.243129851841856754e-03,-2.176612140269388804e-02,-1.013769955938061997e-02,4.012454346464499060e-04,9.945283939748857799e-03,1.063578505198240973e-02,-3.908353816530904350e-03,9.173729785859403851e-03,8.640860513301802312e-03,-8.531125905676374688e-03,9.142610617852191951e-03,-6.547893396173777754e-03,-1.120576597326341031e-02,1.071918355588895831e-02,-6.676506043599222818e-06,6.943210167588195932e-03,5.671766412386378912e-04,1.281532568054131451e-03,-1.219502447916106028e-02,1.309319806570377089e-02,1.299599850881715847e-02,-2.597765183771238821e-03,1.052339305718532139e-02,-1.214762089746615308e-02,3.927387868703067011e-03,-9.954960856780945347e-03,-4.912664470080629550e-03,-1.492604172322168927e-04,1.201460267381002089e-02,1.674781728676023179e-02,-5.910604730298483871e-03,3.182738110351540466e-03,-8.465559256803659172e-03,7.232584883327675997e-03,-3.682042222849369988e-03,-5.127746639450490689e-03,-4.517211939944519063e-03,-1.557114577578964107e-03,-5.689485034044341333e-03,4.268034628541157033e-03,2.512069732659285841e-05,-3.371874130301522575e-03,-7.186929308438020671e-03,2.871706895121343278e-03,5.242452298509270997e-03,-1.100695276743213213e-02,-6.184881173384849593e-03,-7.430563278685809077e-03,5.930075461297016791e-04,1.142274634576475288e-02,-4.995092643916390282e-03,6.777371835686741078e-03,2.634246386004170169e-04,-5.697989225328547363e-04,-4.213584281080556652e-03,-1.294337762898062176e-02,2.627815076678378416e-03,1.016902415329238966e-02,1.719794839597320020e-03,4.857877237243631019e-03,-4.376155101507103566e-03,1.658364298904071998e-02,8.469875102486071686e-03,-5.235003359001292461e-03,1.094162788703147322e-02,1.108782543993750043e-02,-1.057519054326351918e-02,1.672431578676030319e-03,3.865925041184701573e-03,-8.232681772135982262e-03,-2.244237787564169750e-03,-5.987775441929435189e-04,1.079479328730117938e-03,2.787907963825006843e-03,-1.323637589376808546e-03,-9.876007503007813368e-03,6.714356157989480323e-03,-3.464143894628362967e-03,-7.594259257079001221e-03,7.594920468845708580e-03,5.820874802698035831e-03,-7.147618767252520745e-03,4.505379725880710035e-03,2.837884812243246448e-04,-1.213286756969309769e-03,1.403745922386408218e-02,3.026036797870120410e-03,-6.057040088323546474e-04,6.523750195877841542e-05,2.101333499366009674e-02,4.777170569795604650e-03,1.069466308450675411e-02
3.356568586654585466e-03,-7.087617829940600668e-03,-6.558552814770413075e-03,-1.214523234841068111e-02,1.186824736194849392e-02,-5.406344702740039981e-04,-2.153742327533457804e-02,-2.603378241788996319e-03,1.882378069605305029e-02,8.816511310610505164e-03,8.051679976309341485e-03,3.247354753147909095e-03,6.457433617549461491e-03,-8.054967161599351638e-03,-3.424482907161049148e-04,-2.934991067290993599e-03,8.788622712288699651e-03,-2.166206793607157097e-04,-7.880299644476278231e-03,-1.392861718848514667e-02,9.300029149941454673e-03,2.076992406337228782e-03,-1.197743948391082058e-02,1.269264097790398374e-03,1.296060649790536402e-03,-8.409077707835267712e-05,-1.616587723474133959e-02,-1.528464834360362956e-02,-1.021802160770966458e-03,3.143009475605222734e-03,3.349082615134609236e-04,-1.019375534932960440e-03,7.131996039483579422e-03,-9.561736404611734241e-03,-1.412423676668328985e-02,2.223741928085134784e-03,3.915487032108886886e-04,1.472075303810321291e-03,-3.738365526327640329e-03,3.271912298154857658e-03,8.670694179538331742e-03,-1.038748923002992368e-02,-1.362401628796918590e-02,-1.312735631615671340e-02,2.005162815088849110e-02,-7.630960682087588667e-03,-1.020644920652047025e-02,-7.228916583914356264e-03,-1.132234063060216268e-02,1.579177326044749760e-03,2.019232878314279611e-02,3.119213427862900078e-03,-9.541870941708743142e-03,9.133329606603948422e-03,-5.687352525708603938e-03,-2.865515250333611354e-05,4.229020787046433236e-03,-4.493315176481561465e-03,1.553637661624532144e-03,3.229620119581547242e-04,1.869183091945080324e-02,1.413608097552705202e-02,-5.785571386687422303e-04,-4.258470551988620921e-03,-1.402165421400029290e-02,-8.399019628285920441e-03,-9.620794573328001614e-03,4.281442929421579516e-03,5.568120600899515230e-03,1.825745972543045808e-03,4.833893026844760486e-03,3.566349596222785894e-03,-1.191011575068541030e-02,-7.554311557530475965e-03,6.113609063322681184e-03,3.598130798220144227e-03,7.462055444544785955e-03,7.572302539919496095e-06,-2.517606387731973188e-03,3.479897373684234731e-04,3.421103370218212848e-03,-1.268384638749098410e-02,-7.965710502530289061e-03,-6.728236849614631539e-03,1.766120461005663261e-03,8.159162020259860815e-04,6.170574735181469372e-03,7.646509064611541930e-03,-5.491678548543750191e-03,3.609522385223001058e-04,-8.154098916550348020e-03,6.701910395995245434e-03,-7.228428182778153140e-05,-1.389267981882446809e-02,-8.859566503921285918e-03,1.667277036288155852e-03,6.041474097014186417e-03,-1.028727337263816641e-02,1.213358328812959644e-02,-1.429114929153557471e-03,-1.039509368477994043e-02,-9.399630293302725171e-04,-2.229759561787677570e-03,-3.678290390437981717e-03,8.706878744488548427e-03,-1.185221855224268765e-04,2.477695286094446989e-03,1.064800184332311342e-02,8.372434805959200416e-04,5.587841556789882504e-04,3.067119070472894976e-03,4.112571254432754141e-03,-9.180943149516309493e-03,-7.640815671467637155e-03,2.578016805289068750e-02,-3.603296646309768914e-03,7.584104433056986470e-03,-2.729684514632926568e-03
1.339153825997002438e-02,1.051729356247288298e-02,-1.494269590376651538e-02,-7.796482934977075341e-03,5.442271299454902109e-03,6.735346422557104452e-03,1.990840482606811516e-03,3.488062940134072261e-03,2.814645726420791569e-02,-2.820813905055389714e-03,5.139882608046343442e-03,-4.769528935013520043e-03,2.225130676167262969e-02,-5.330949112439840182e-03,-2.975260753840540309e-03,2.741381773785802126e-03,3.311758440127647151e-03,4.800780110074845224e-03,8.857079250270231963e-03,1.203527497723905112e-04,1.648327644778155125e-03,4.031420265467514259e-03,1.110546673719338927e-02,-4.457861026106174109e-03,1.504960915710016819e-02,-1.348661216419292340e-02,-2.414772695220723797e-03,4.251736513698065739e-03,2.941136718577907691e-03,8.174976064191371433e-03,-3.283374871259948664e-03,8.006051409430827923e-03,-9.401822798759203095e-04,5.227078027405578260e-03,1.928724662497063522e-02,-9.624313573052266022e-03,3.281096147195585420e-03,-5.437660694826321021e-03,-1.200539964986558315e-02,-8.123661101922847886e-05,-1.331246495059790202e-02,4.673239245026050703e-03,-8.529291506365985209e-03,-1.895676506217057857e-03,2.287783986651081847e-03,3.995575422256724719e-03,-6.612440035977452165e-04,-2.650274777244978220e-03,-3.216741834179671477e-03,9.927654740313615264e-03,-5.036188984308861451e-03,5.013746571750596868e-03,1.306505985525231034e-02,-3.254357801989858894e-03,4.017405520695963711e-03,-1.060178655273560401e-02,3.760229039590249397e-03,8.190455309305033973e-03,8.458825516794084851e-04,-2.690391769730259876e-03,1.492520457344124378e-03,-1.281512103064968815e-02,-3.962793933145327546e-03,-4.321548740956316845e-03,1.338908816503976869e-02,5.636138725545912151e-04,-5.103056883421796565e-04,1.012735559735947373e-02,-4.089564232227884885e-03,3.852413449535748314e-03,3.403085913373841542e-03,-7.816545255024279844e-05,6.526515294638799564e-03,2.745924718230112471e-02,-2.275441463361529623e-02,-4.403348516601317784e-03,-8.069427698745584507e-03,-4.897018127399983302e-03,6.801082733160634594e-03,1.224490928182032055e-02,-4.499045912419749257e-03,4.942073585518512099e-03,-1.092151428241565879e-02,8.804498526104934369e-04,2.750720622475690685e-03,-1.766458898233361913e-02,-9.253919305088207509e-03,-9.897743596003830135e-03,1.905292211966960053e-02,2.471265369956999330e-03,-6.709272355162197027e-03,-7.388752489688092326e-03,-9.033542221824116675e-03,4.890060896163884747e-04,-6.227989947537770216e-03,1.248131047246579025e-03,3.793797813834650940e-04,-1.154899571925814203e-02,-5.629926805910248633e-03,2.144980974930215181e-02,9.364789099744381257e-03,-3.233355287955311762e-03,-1.135842349406708399e-03,4.809633440619473857e-03,5.932001430577938869e-03,-7.475287053616745322e-03,-5.655227942934242490e-03,-1.212814259865100698e-02,-2.069764659240176316e-03,3.646606564025850483e-03,-3.941193236787674491e-03,-2.126631463337917433e-03,-7.352282467414754386e-03,3.978382928635459254e-03,4.453037556600818598e-05,1.755228261442248229e-03,5.916634112033425548e-03,-5.816072712488487735e-03
-6.438660918339675701e-03,-8.088959923600909027e-03,-9.239198344632722215e-03,1.054196994275748839e-03,-5.098113017234789587e-03,-9.433602804633031344e-03,-4.013829433898793639e-03,-1.246644123719618281e-02,-2.978365532947593354e-03,-1.728265049960508049e-03,3.175193922060686250e-03,5.708292281907435990e-03,-6.587066984493080736e-03,5.919837805051516612e-03,-1.409299101241955282e-03,2.768192418029518168e-03,-8.348106124472150572e-03,-2.095128549559044026e-03,2.472086859839294024e-03,-5.655920924861218037e-03,1.074236075992246811e-02,5.459671829571836714e-03,5.099774984651642834e-03,1.154942829972963395e-02,-1.099455845815919611e-02,4.625789809604109390e-03,3.313043239896898244e-03,7.721763127363087068e-04,-1.880014450008884270e-03,-1.077403788377784060e-03,-1.308610837626417688e-02,2.351614432241082905e-03,-1.037909638249427322e-02,8.833865779924690576e-03,9.093552387541807211e-03,-9.322937625206677986e-03,-1.757833947060408490e-03,-8.720051558129134420e-03,4.110790705725791624e-03,-1.285456229789684775e-02,8.102637848945156568e-03,1.816038080327089799e-02,1.556240665029949262e-03,-9.479188216722125859e-03,5.769325594983971007e-04,8.369618313535857543e-03,9.326720457706588058e-03,2.155330916586249614e-03,-5.827984631528663161e-03,8.161291770286027009e-03,4.827859619448016636e-03,-1.961227448859737335e-02,2.003303995288142287e-05,-4.780973872733410707e-03,4.566116792891334458e-03,2.559261099839143204e-03,-4.024047961815123420e-03,-1.361526138124291747e-02,7.859463976920869413e-03,7.344462314437193683e-03,1.024581540984231473e-02,-1.963937258065382926e-02,-8.599926411633689732e-03,-1.118818977310633012e-02,6.735022144122101637e-03,2.878232001193040991e-03,-3.837059093697831481e-03,-3.386799883736513021e-03,-9.815234169136544118e-03,-1.616418571807490961e-02,3.831475505056447170e-03,7.651441075033265336e-03,-8.026115850340785965e-03,-1.966798383053610169e-03,3.006055110610872990e-03,4.635164502054629960e-04,6.772269748262667137e-03,1.091100762193927473e-02,8.670543260922721970e-03,9.844097961734918703e-03,-2.690775878065864227e-03,-8.971786261175051028e-03,1.068223759275158113e-02,-4.868272552316140617e-03,-1.417197823437842119e-02,-1.299297820163080978e-02,-9.597439556867206137e-03,2.429303145599263393e-03,1.389172058466203556e-02,-4.572086743026553858e-03,-4.874197167133744596e-03,-7.075017574642252470e-03,3.053531629830061756e-03,2.178341937321026222e-03,8.771905160659064157e-03,-3.696563652071748092e-03,6.145736217857163466e-03,9.941455898527358503e-03,-1.705919342183034870e-02,-4.448650979866492806e-03,-6.550933662575263855e-03,2.330606543404423279e-03,-7.505407350509461263e-03,-1.412109893381577634e-03,-3.635507271673691417e-03,-8.900750979854225560e-04,1.739841361300316922e-04,3.065470066893161843e-03,3.870183879842392649e-03,1.199405720575832598e-02,-2.225032659491136666e-03,-8.102989797763023722e-03,-8.400037374326865466e-03,1.244902317008255571e-03,-1.418281473981867873e-02,1.540780628829411560e-02,4.875271402432534811e-03,-8.068148976176026110e-03
7.817547831888120233e-03,-1.401126542237334828e-02,-1.168133709126457443e-03,6.097668357766438535e-03,3.600659108834780575e-03,3.079263615240111947e-03,7.052841427262857921e-04,-9.106264598999665172e-03,-1.336871941169403763e-02,-5.886648186259968787e-03,-9.650304517940280465e-04,-9.866026743328617371e-03,3.097617635143310767e-03,6.452444407526606099e-04,-4.169409529833518211e-04,-3.071833590046215822e-03,-1.848641440627202259e-02,-9.640340689397081803e-03,9.364290695708607851e-03,-6.464457563837262312e-03,1.232036099335453820e-02,-2.499398858375627853e-03,-4.894242159556505198e-03,1.170440456054158522e-02,1.573652348111973312e-02,-1.351741084103455677e-02,1.342514333189305303e-03,-1.275909648258488323e-03,-8.406234675356723945e-03,-3.277011207813917797e-03,-1.612535047357601531e-02,5.900625972485906527e-03,3.661518996709316100e-03,-5.235244506470553873e-03,-5.440931647376645759e-03,7.639670563873135999e-03,-9.337327417012535047e-03,-3.487216609179008033e-03,1.352755298182989688e-02,-3.253340515622127858e-03,1.453339341549325127e-02,1.282130376282163663e-02,5.945678129537869394e-03,5.005923562786316044e-04,-6.620173391694058294e-03,-1.036909392707623112e-02,2.139868632218748339e-03,-7.477374130937927341e-03,-4.049031925407513505e-05,-1.086710731099773015e-03,-3.577746610043212264e-03,-5.295677035480506924e-03,1.137828631434778352e-02,-1.773958736264525868e-03,7.739881590753502265e-05,1.601162878729298251e-03,-1.022742893772244505e-02,9.033857427652518604e-03,-1.331655578689431782e-02,1.152644739066998637e-02,-1.153804616641965382e-02,1.988630501994454163e-03,-1.206901773386975969e-02,-3.578597963236395361e-03,-3.548064953755156094e-03,-1.211043365367450242e-03,1.066623689698012467e-02,1.166694881921274745e-03,1.121085335134786726e-02,-2.542797695353938778e-03,-2.164972362993556091e-04,6.600255768669697522e-03,6.415583173892918170e-03,9.583016123549778671e-04,7.110714062229852098e-03,1.078150306856422332e-02,2.145468284091269634e-02,7.984868621921256682e-03,1.607174135636896088e-03,7.339857682429594583e-03,-1.743442240727058291e-03,-3.774575321018102357e-03,-5.927927791277695646e-03,-3.968355033738042541e-03,-3.589548599611510748e-03,7.266907626067991037e-04,-8.995482457223797843e-03,5.092853152122918912e-03,9.973441672266132943e-03,1.092309276496502418e-02,2.608563449255860752e-03,2.727346256467507238e-03,1.728167680823661841e-03,4.857760235327193308e-04,-5.147255400162171514e-03,1.943820647617119186e-03,4.026801728264708079e-03,-1.259864158634973075e-03,1.165958894710936687e-02,3.378578105275714064e-03,-2.937534607874403049e-03,-2.458444563830285493e-02,1.755079035522029776e-02,8.567996233742846942e-04,9.804848470602520183e-03,-1.312516670480502225e-02,1.246571073627877196e-02,-1.236116300920152809e-02,-3.443760758569756734e-04,-4.170407401381458559e-03,2.670962872394594314e-03,6.794669141963236014e-03,-1.583237204020568811e-03,-5.994011415541563442e-03,-8.306934022473811199e-03,-6.093984573427018749e-03,3.020565987512636129e-03,-1.237145532958628877e-02
-7.188118251938492055e-03,4.709179692148310857e-03,-4.020671948621110450e-03,9.026824490422977534e-03,8.081829219798822598e-04,-1.212764145949677894e-02,2.140297822531264226e-03,1.945412979657402605e-03,9.210471337134091066e-03,1.218940476977151035e-04,-2.193381652968505111e-03,2.239366076465341016e-03,6.881470406789084830e-03,-1.016881908916910347e-02,5.942053509766863362e-03,-1.374842274206491532e-04,7.325086823462360550e-03,2.436374240983316466e-03,-2.419419117024273428e-03,-2.747114804395771933e-03,4.878566086645051356e-03,-2.462586643730006481e-03,-1.068131147664227662e-02,-1.376437933104182132e-03,-1.190597891766466063e-02,8.473081948330499560e-03,1.142734132947884583e-02,3.991117797840051593e-03,-6.155576167718194644e-03,6.843045728872159533e-03,2.644990326961497648e-03,-5.385546371649804417e-03,-3.683607708014843135e-03,-9.322301157041202810e-03,-1.490305062174827064e-03,-5.385939073909765638e-03,-4.433742044449167502e-03,9.041140247348913514e-03,6.308128061121630846e-03,2.971779519729613210e-04,6.887249176577131191e-03,6.948364506214786511e-03,4.808040403025412926e-03,-1.035117677209968813e-02,-1.322002191284068866e-02,-7.663574466648102358e-03,2.285987144521999578e-03,-2.482903438043880095e-03,-3.262759060610139362e-03,1.199361993495888686e-02,7.180893460567499761e-03,1.601587165136128185e-02,1.442214163833979712e-02,-5.789525891892082984e-03,-2.932806438686976977e-03,-2.928912066816577106e-03,-9.156175537792686156e-03,-4.878140766181248214e-03,1.133196946782713890e-02,-6.090570264371916731e-03,-1.886822114019156421e-02,-1.075927880082178534e-03,4.195361758552519291e-03,-1.059155399630433599e-02,3.674001730581290866e-03,3.591747896225370345e-05,-7.203086772688626661e-03,8.457035376839572034e-05,5.650474875666621193e-04,1.951933433561758510e-02,2.815525255169488549e-03,-9.394443130122458532e-03,1.453192541857738045e-02,-3.749975752463692927e-03,-8.511092338257256890e-03,-5.136650233162553918e-03,1.268612520383860694e-02,6.625452799720454346e-03,1.380405325462258879e-02,-1.213240764863838476e-03,2.720360263762056693e-03,-1.579478584037318639e-02,1.144654001301734225e-02,4.272819776426852248e-03,1.898370897666328341e-03,-2.329178542958936220e-04,4.613728162201320183e-03,1.931709715360376825e-03,1.982866801320234355e-03,1.571100296748554823e-02,-1.995796130776909035e-04,9.043567518835255326e-04,-6.257201917946837028e-03,-6.771317281157670717e-03,3.225847632327720135e-03,-2.060314492987679047e-02,-9.071378934114110448e-03,-1.692636036308749594e-03,-9.356514532025956947e-04,-8.775146745738957726e-03,-3.445138103089807457e-03,6.477782676128188664e-03,-9.750406371817420259e-03,-5.301008773177926479e-03,1.920622866122896361e-03,5.520313323983048505e-03,-5.365498928974530776e-03,4.903578979491798016e-03,-7.193088256428934769e-03,-7.545017061308658020e-03,5.473539194282311298e-04,-7.832109477687292792e-03,-5.764285763725620140e-03,-8.118771412522655245e-03,1.085809479568641605e-03,4.141062314421303271e-03,-4.658978211425562205e-03,-2.421658042956934594e-03
-1.463936890176557870e-02,-1.004740592958980501e-02,2.069190456348430837e-02,5.375224500354501382e-03,-2.212954777241247974e-03,-5.804999220010613817e-03,8.361964917074828779e-03,-1.540710849829738001e-02,-4.275401691609732771e-04,4.779283402624630306e-03,-1.767130235787552073e-02,-9.649412682017086476e-03,6.279885922698861568e-03,9.553053418869947777e-04,-1.466825375727684629e-02,1.515218818630825054e-03,2.821274513997827724e-03,1.043656485635301862e-02,-2.300192273539684862e-02,5.413016271744347171e-03,-5.511828471262670247e-03,1.109401339913212298e-02,-2.287411429766981596e-03,2.074098479284289471e-04,-2.606800404014520019e-03,-6.412109367238953694e-03,-9.473344927318962799e-03,4.678922576222676200e-04,-3.462381462542770956e-04,-9.168120176923470754e-03,-9.257582617341943501e-03,-1.554609615974188175e-02,1.136083402721683316e-02,2.025192925963230448e-03,-4.286169881257218504e-03,3.819215883965909088e-03,7.873505157794091422e-03,8.111397870237943564e-03,3.563035389180402301e-03,-2.506693270136373716e-03,-1.439754577648363551e-02,-1.678163647372496415e-03,-7.801049809273487637e-03,-1.140842557008949583e-03,-5.712054063706972253e-03,4.725385754299877791e-04,4.214144093929782318e-04,-1.780712118616835718e-02,-4.301151786877697379e-05,2.001715086105962382e-02,6.765395352878324220e-03,-1.394549190803336808e-02,3.403581782430221015e-03,7.891942030440440847e-03,-3.192453954071810315e-03,-3.854233820968909485e-03,5.147069755598158471e-03,7.794843881316170300e-03,1.313106705596127528e-02,1.835873016113168327e-03,5.141058142877783822e-03,-3.808721364566743268e-03,-1.079775434244118794e-02,-4.344577830451671480e-03,-1.444060824481105832e-03,7.939906841809424298e-03,-1.121078782405372787e-02,3.560192013536717971e-03,1.157412852472873782e-03,3.455498640501371982e-03,1.552850352354580776e-03,-3.320920941945932053e-03,4.458804924184571125e-03,9.015072880168024244e-03,5.763959608482469195e-03,6.955034857524853772e-03,-7.483739435011900303e-04,1.202412996416696474e-03,-1.481382890484961301e-02,-5.379477018363150974e-03,2.251568879983407122e-03,-5.934224510546708305e-03,1.030312131281999402e-02,4.602990023493101074e-03,2.504346678547873101e-02,-8.341538833549745624e-03,1.258912936163870608e-02,1.432830731180063412e-02,-3.549396037182881575e-03,-6.461716435411313719e-04,-1.385293600121468606e-02,-9.196365963085159981e-03,8.263700798661665139e-03,1.546712121766901336e-02,7.119955218792382509e-03,1.554673047501382291e-03,1.126421216582540463e-02,-1.338045037678245973e-02,6.092837287662493037e-03,2.378480958253343172e-02,1.423752752337375908e-02,4.672958824186983044e-03,-3.050334304095317708e-02,-2.457155010795129043e-03,4.587279652075974476e-03,-4.762019292106332326e-03,-6.522320010209477215e-03,7.351710219936694740e-03,-2.748163457090530004e-03,-4.795528573807170472e-03,8.883708288094373587e-03,4.956354894485689132e-03,-6.776018248838819313e-03,-1.041255112871829376e-02,9.182920227182612147e-04,-1.417330724976918191e-03,-3.361663921657092637e-03,1.253400348941518389e-02
1.670234639797993489e-03,-7.839230129922353891e-04,4.397946760749245516e-03,-1.620778957983207320e-03,1.796136242839696182e-02,-8.459049308087586427e-03,-1.356656601806526148e-02,8.547591898788812689e-03,-4.983509759870714644e-03,1.328258031022408123e-02,-1.717761804507188933e-02,1.427175526468254336e-03,-5.353979878749397930e-03,7.365623396779014988e-03,1.546892783314508801e-02,-2.167093340224645909e-03,-3.070169852761092406e-03,-2.720237995630582235e-03,-1.559248051594196334e-02,-6.811010849784234454e-03,-5.698868553503701369e-03,2.788866365913848355e-03,-1.390910616989476760e-02,7.427512334981441720e-03,3.627152439743710870e-03,-1.539921044921113702e-02,-1.066323676674725378e-02,4.419927845774497890e-03,5.557954228642074390e-03,1.070675387250850062e-02,-6.491663498298217523e-04,6.996163715694995143e-03,-4.474774604132493103e-03,-5.994317435997160992e-03,1.118383169578023202e-02,-2.193701706825903087e-03,-3.137603866508163059e-03,-2.879504300464805992e-03,-1.843058120338169140e-02,1.537796116429222988e-02,3.665386809858698844e-03,-8.406833658222728767e-03,-1.670346237699093725e-02,-1.187318155009773474e-02,1.339592814403749860e-03,-2.823441958495465608e-03,-2.954264485656453703e-03,5.745493937706788908e-03,8.890348520784831232e-03,-1.102649946747616232e-02,1.968310707032085681e-03,4.376276439091699756e-03,-9.945424390298924708e-03,-2.475749787315693288e-03,-2.845263144212149277e-04,-7.372288206159646924e-03,-7.288314559965806093e-03,-1.586843273701500981e-02,8.807891797970821566e-04,9.359496452792772161e-03,7.450513376599464908e-03,1.444145597189173437e-02,-1.124423781864374722e-02,-7.112076434613871095e-03,1.036695919588046313e-02,-1.171821255688037383e-02,1.608419584732793603e-02,2.155432216709809046e-03,6.206623889615286473e-03,-1.252872365374032952e-02,-5.999239786179369829e-03,2.051519893046641757e-03,-1.491842078417478408e-02,5.681328915305483562e-03,2.695166207407520120e-03,1.775139903513194006e-02,-4.766722124638364880e-03,1.042356331914858587e-03,7.824749471432881215e-03,-5.201538843683938158e-04,-2.639163774512825328e-03,-1.820721159859326616e-02,-3.676630393448493146e-03,4.391605340768518252e-03,-1.929786249097349042e-03,-1.762568796337174969e-03,2.681207662732933757e-03,7.823202811016286701e-03,-9.974877115662734647e-03,1.161156827646577308e-02,4.130690792408333624e-03,6.320230319058061687e-03,-6.872810292855033656e-03,2.593287412677160349e-03,9.507305042674310883e-03,-6.179276853521602393e-03,-5.125927168409625395e-03,8.365307318219702970e-03,-6.165240094637635185e-03,7.321660841463037937e-03,2.423738206189055347e-03,3.591287621778970623e-03,1.339595042828484357e-02,5.473812530177770818e-04,4.456520159774692881e-03,-2.834796940361402132e-03,-3.350472998301540781e-04,1.340728361333675886e-03,9.397308289456014763e-03,-5.070083924114079932e-03,-3.760733411036258026e-04,1.707610688450282924e-03,2.863236150238736288e-04,-3.998256860463239235e-03,5.388125026186170105e-03,-1.420116778298617828e-02,-2.714278935341753358e-03,-2.996641438581809733e-03
-1.876867263281579642e-02,1.476731782030289535e-02,7.761040081097094617e-03,-1.117266899378369094e-02,-5.417087867842014515e-03,-4.138164608418479391e-03,-1.472367031979089462e-02,-6.690324532478404782e-04,7.498457385569486100e-03,9.155848988529119090e-03,6.367656126519708956e-03,3.370305898959715350e-03,7.024324341176486561e-03,-3.503425745606113424e-03,-2.183113713004189958e-03,9.726057405014415860e-03,-1.012178343431428644e-02,-5.683419532640320189e-03,-1.357579881971985800e-02,-1.960333633219174532e-02,-1.040461400883494099e-02,-9.442873903206625008e-03,7.712308985843965674e-03,1.675560750483446812e-02,-1.428515253940242785e-02,5.253035179581254030e-03,-7.778615752982494941e-03,-3.416260251515603873e-03,1.035327447790732394e-02,1.386231942470099714e-03,6.492055077611044375e-03,-1.098309254528621361e-02,4.857684013358733524e-03,3.180379581030793462e-03,-7.614995928076122300e-03,2.600116493852471043e-03,1.459211210423006291e-02,-2.129759690035920496e-03,2.040060702343444912e-03,1.465231385045966638e-02,-1.462584905711151670e-02,5.975381123012461423e-03,-2.966081504103987646e-02,-1.343037545692207270e-02,-1.549728898460789490e-02,-1.245398419238456659e-03,8.916341359224401464e-03,2.365045588971073382e-03,5.813644299522062291e-03,1.170021190653777743e-02,1.147795233606324801e-02,-6.817048477654317172e-03,9.538243777505723935e-04,3.296677983517935524e-03,1.726532739792404139e-02,-5.885671297543684441e-03,-1.069929144209042123e-02,8.064920598888676226e-03,3.528034384507161992e-03,2.661361044075456067e-03,-1.253896510432572732e-03,1.266916951930742061e-04,6.978974573815141004e-03,-3.204434656016819463e-04,1.019228256628705066e-02,-1.813079509805654282e-03,-4.178710577525827918e-03,1.277084999377599284e-02,-3.019156451503439073e-03,-5.450519536400877732e-03,1.272372075472749274e-04,2.217323358592388632e-03,6.262276662398444035e-03,-7.452933799676871723e-03,-8.396071907141556059e-03,-4.292032545009765929e-03,3.536356343733425885e-03,-1.298866192754724071e-02,1.920034076465576903e-02,8.300342926755651871e-03,2.336316588891819163e-03,-4.479039854350911828e-03,-3.481889788819718043e-03,7.154597132293862884e-03,-6.080314533855321786e-03,-8.206072716458425592e-03,-1.547666757290779363e-02,4.363186663786965298e-03,1.572297431820503938e-02,6.922740741336563461e-03,4.514714149933532136e-03,-9.544531358360893239e-03,2.161219909231561816e-03,-8.329503818919769056e-03,3.888848349665415417e-03,-1.628989346109792694e-03,5.377334953106389925e-03,-1.664018381514915934e-02,-1.000658360731456441e-02,1.155589459191764959e-03,-1.879858823420597208e-02,4.003711634770677937e-03,1.282257312332500503e-02,-1.287051646030202071e-02,-8.798376488580851671e-04,4.403086079987726144e-03,7.365966222706777332e-03,-7.430484738130875653e-04,-3.113689105252156596e-03,-2.613030867644007983e-03,-9.846027243113319657e-03,-8.476071949896489544e-03,5.425206054922498749e-04,-8.222169244777012553e-03,1.852015012511285235e-03,-2.196962594694883944e-04,-1.361279005265826625e-02,-1.953662213257571865e-03
-7.155856076464458398e-03,-3.753110590006146410e-03,6.558937937750846520e-03,-7.522976652151979783e-03,-1.101003803021581053e-02,4.383590851622220369e-03,2.957186841191740607e-04,4.137431513877107107e-03,8.919707643055396068e-03,-7.415323149202325548e-03,-7.903948570781254776e-03,3.282753980913411494e-03,7.117092849628244705e-03,2.253430607336584458e-04,3.801506220933499754e-04,-4.204045978502290483e-03,8.314432591942907957e-03,-3.945921241876907087e-04,-7.757600753336016744e-03,-1.110514009548282943e-02,6.836263412031882980e-03,-9.214374222337394157e-03,-1.302779137492663178e-02,5.939133613116309544e-03,-8.365305783822302166e-03,5.615780867971626768e-03,1.123678305077494693e-02,-6.689492135390817705e-04,3.647332914208160221e-03,2.512593633697438739e-03,-1.013181788258063314e-02,7.025516799086814826e-03,-9.388794695550574387e-03,-8.311251298148406757e-04,1.452656603040170490e-02,1.172560085965727514e-02,8.422768439029674342e-03,-4.024296728531017754e-03,7.780804982457619270e-03,-1.155941611619436954e-02,7.215284785422988127e-04,1.389036759612725762e-03,3.196999131058392719e-03,-2.248562660141003016e-03,-3.761558249255816423e-03,-1.162413805978389876e-03,1.541725317540122882e-02,-1.046941776801095687e-02,1.021816641525994523e-02,-1.110868491686466120e-02,-7.991303127778036364e-03,1.349170199986600427e-02,-1.534081323013692516e-02,-7.348269238387996130e-03,-2.474632567182427807e-03,2.290328275292148955e-02,-5.684950972944884627e-03,-7.410345091611056020e-03,5.517091452278789082e-03,-7.242652703286943904e-03,-3.440643754388765171e-03,1.572594735140056890e-02,-3.018249530641813560e-04,2.082077236221563030e-03,1.478568404877455330e-03,1.665055455410776805e-02,1.394129869283458265e-02,6.497585253182864597e-03,9.456881884842584934e-03,-4.814837631002591954e-03,7.619011878323752457e-03,-1.712224423003563811e-02,4.973400402590407408e-03,6.907273610590045770e-03,-7.987048037383412402e-03,1.439755377655577324e-02,1.354321859330067518e-02,-9.611313455498312480e-03,2.639433643728217489e-03,1.061060905695564160e-02,-1.022619420955556222e-03,7.814778030430815509e-03,-2.074274433049934710e-02,1.415375479507892560e-02,3.164977194418255174e-03,-9.376486747890933060e-03,9.824631730727843154e-03,1.587196971283734090e-02,-6.135094611414213320e-03,-3.831790992513418957e-03,-1.115306890997651464e-03,2.386145716549793131e-03,-9.518737000919595334e-03,-1.816099165742744714e-02,-5.413442403544765826e-04,2.589286943187315247e-03,2.147380125807166716e-03,-1.094139299814043216e-04,9.564084899039849551e-04,4.634301583204627345e-03,-1.689087398060908378e-03,-6.332153794194613806e-03,-1.249642601697331309e-03,1.309946342672232587e-03,1.493696463814977397e-03,1.057210889837148678e-02,2.652042748228963017e-03,6.159123707138661717e-03,-6.765996333738991120e-03,2.801015658076486548e-03,8.780166460859840580e-03,1.974040415900670930e-03,8.698473409637100251e-03,-4.425234572484402010e-03,-1.466149564964571231e-02,3.725616453193609547e-03,-7.897415969137283956e-03,1.709952941192327200e-02
4.272391783572289034e-03,4.576078762058071944e-03,5.010298193496117401e-03,-3.525940786948627333e-03,-7.420952806845375858e-03,8.675166165145057132e-03,3.454268345354890007e-03,-1.277714653806615204e-02,-1.320871404057386283e-04,1.258479506798362152e-02,6.318362091084384936e-03,3.795040272745651110e-03,1.640923202348388427e-02,2.060062844288355031e-03,-8.996637980303926613e-03,7.624787652468237482e-03,-5.620772654714299710e-03,-5.571733718740661326e-03,-1.260919141233651439e-02,2.876563420169703233e-03,-4.665312000205049971e-04,-4.705175431922152367e-03,8.138397310365867027e-03,3.393577558296210963e-04,2.477846080980848024e-03,4.301794356252200760e-03,1.722151120100021485e-02,6.610187128897034546e-03,-2.451823381286309927e-03,-2.590527058971984868e-03,-6.706523196760775900e-03,-7.968755185133701013e-03,-6.667863240138484620e-04,-9.925116813843313374e-03,-1.701094303411195344e-02,-6.267639684375396827e-03,-9.304355231974710538e-03,-5.409948064905051746e-04,3.955905727339490731e-03,-3.831233847921742229e-03,-6.344214603971420549e-03,4.191379930906197898e-03,9.094440486219164399e-03,1.176524732511581312e-03,1.225222981128612802e-03,5.676997212973057191e-03,-1.094603032828367524e-02,-3.981233413193134801e-04,8.183945137170432760e-03,-5.667640221235905294e-03,-5.198176022590573174e-03,3.442326493661281451e-03,4.384258012584781559e-03,-1.249164934640614212e-02,8.686471321921298075e-03,2.894040705558053456e-03,1.101417680460138257e-02,9.548429560038986311e-03,-6.928236154708225340e-03,9.211329881265250749e-03,-1.778093982473043233e-02,1.848046018259081637e-03,-1.994201675880858792e-03,-5.906469555660017259e-03,1.011499912685834973e-02,-7.972812806408885108e-03,-3.682815630118353636e-03,-8.700253981752763960e-03,-5.625237926264396726e-03,-6.248224617652173470e-03,-6.548096857864368729e-03,3.256965193526389912e-03,-1.863728277667305369e-04,3.286678837921221032e-04,-1.698037841722761093e-02,1.624974811721402500e-03,-3.561018958770350001e-03,2.545460161315801252e-03,-9.089282251842309771e-03,-8.618773135745577685e-03,-1.407738360398592872e-03,3.858695675607230410e-03,-2.002570058152716107e-03,-4.679264459777908274e-03,-1.148306553417212383e-02,1.562803534461462479e-03,-4.068266060360747286e-04,-1.726648507402912813e-02,1.767358854181528063e-02,3.484627753222080859e-04,2.018552734530480990e-03,4.145300815903057122e-03,-4.052401960674147617e-03,-3.698947229967876945e-03,-3.738754493528594677e-03,-2.480349875744264614e-03,-1.929934815590788819e-02,-6.697160863813672246e-03,7.855866327858194997e-03,9.397126360827465783e-04,1.545932504188595250e-03,4.180010962011827466e-03,9.888607319123670844e-03,2.142809251981610350e-03,4.727347515035637202e-03,-8.080657803758471008e-03,7.254782648125346345e-03,-4.718336675510977074e-03,-4.303043384897712112e-03,7.459202006259338380e-03,6.258844693301927539e-03,1.088660477880794286e-02,1.573299723901355317e-03,1.005611084824869703e-02,7.675010905172901382e-03,-1.033974369693343998e-02,4.872081857646793973e-04,-7.050414607838078988e-03
-1.156365988890927475e-02,-2.020013847690666983e-03,-8.121342096900381960e-03,1.634856338605619307e-03,7.825093713970030646e-03,-1.653285602055737293e-03,-3.323137745456351041e-03,-6.817402968803677223e-03,3.955420114530897209e-03,-3.101649493881802801e-03,-4.036257906621617750e-03,-8.242635167368454708e-04,1.065670813069329211e-02,-5.067271705665007259e-03,-9.530312237844047393e-03,1.375846555912527613e-03,-7.511844818800163248e-03,6.242411591447336212e-03,-7.654647663558767495e-03,-1.620114603026883218e-02,-1.117644166735585511e-03,-5.029528500249457433e-03,7.693575037305229458e-03,8.448873635930097617e-03,-1.959115377732078677e-03,-1.732234929852458300e-03,-2.153693817137527708e-03,5.494384190971690445e-03,1.133854358406558883e-02,2.757969832760568491e-04,-6.507880005619627660e-05,3.009940305941937594e-03,9.033116406711864596e-03,8.529151643837390093e-03,6.532298992720196595e-03,4.314985020762673179e-03,-2.022285165412600685e-03,-5.175163624588623862e-03,8.293013001151785385e-04,1.304737367109750149e-02,2.089623178235249130e-03,7.095422017693735900e-03,7.890126423241335119e-03,1.090659219275680152e-02,-1.337571986811739513e-02,6.797587740217113199e-03,4.108312947680306873e-03,8.723452091045991522e-03,-7.520780885803735397e-03,-1.444145165159474182e-03,4.305318353403404449e-03,1.103532912087121405e-02,7.900115037553874162e-03,6.396324463165414982e-03,2.877495628663924096e-02,-3.625171406612536992e-03,1.342482598338507090e-02,-4.526540337298959500e-03,3.502314127639109213e-03,9.812601953694712401e-03,-2.944158655334684627e-03,4.051239038204410003e-03,4.339010087413086234e-03,-5.076076875448819886e-03,-7.201572107311768681e-03,4.829873619296741645e-03,-8.955415187551583195e-03,3.027818691473858036e-03,-7.528668967081244591e-03,2.925422425874289398e-03,1.769441820497269849e-02,-9.015420823118874827e-03,-6.173598724689218116e-03,2.930357418687154838e-02,7.474224121020443465e-03,-9.523596503852482797e-03,-1.372432286442502782e-03,-7.044355637635415363e-03,4.772107342834919566e-03,-4.012104163141324946e-03,-2.191567001585101142e-03,1.175428145073468059e-02,7.512977600534510685e-03,1.437383492326212153e-02,2.163534245101740496e-03,2.145859338033772375e-03,-2.477387515485226718e-03,-3.301600931128749212e-03,8.539119579261464713e-03,8.663810365078284531e-03,-8.983368472075677416e-03,-6.938032204431354016e-03,1.655027120168134011e-02,-9.347188603452849520e-03,3.411314193612807245e-04,4.477587419216587546e-03,9.706975446977669786e-03,-8.601944981653760272e-03,4.251343591743461832e-03,-3.296807805942696817e-03,-1.419123309424478226e-03,3.548149594837272328e-03,-1.347091814007839693e-02,1.273181482094162950e-03,-3.221133891259492146e-03,2.134817844332831307e-03,1.541984697096748964e-02,-4.898779765287784339e-03,2.456089326397535924e-02,-5.611434729940625518e-03,6.324251669463550052e-03,4.773725064453978977e-03,7.202244407845728551e-03,-6.704771590195039536e-03,3.403958885785544962e-04,-1.161923658932446923e-02,-8.951646478427319198e-03,2.916040233820509347e-03
8.152507527614906435e-03,5.292043738089793024e-03,3.969066993173509840e-03,-1.179820626155758320e-02,4.564233140028081150e-03,1.141947080827703659e-02,-6.568578880017660569e-03,1.284599451257951302e-02,1.241854905693400707e-02,-7.263884459387144610e-03,-1.348878512270685693e-03,-1.489737694063780499e-03,5.712502567052459186e-03,-5.769853790276241933e-04,-1.747510309700864859e-03,7.466332917818583291e-03,-1.054100258443194972e-02,-1.376486267195013409e-03,1.612765384887464076e-03,1.384765301536467798e-02,-2.552934130362109755e-03,-3.830612411626272730e-03,-7.884459484538152568e-03,-2.147336137565545797e-02,-2.808313563807905092e-03,5.402658768879081350e-03,5.541079618111273940e-03,1.461059002599901166e-02,-6.142952425971250595e-04,-1.587710712055430016e-03,-3.753427011014558775e-03,6.583764915442751747e-03,-9.716244685463362035e-03,-1.172024674696867629e-03,-3.698579320622401908e-03,-5.075863551938985738e-03,-1.003530363559065322e-03,2.751307475749627772e-03,1.940170976884975085e-02,-1.335591229771178508e-02,-2.516040278299509075e-03,-2.919727306043736793e-03,-1.155232678862088552e-02,3.090908178214292999e-03,-1.508608364608226247e-02,8.039676116852420909e-03,-5.684930035972345259e-03,1.446934386438945147e-02,-2.817681513627579536e-03,-1.755208496304332772e-03,-1.690551767049018475e-03,7.668195236579205924e-03,1.003634000990551688e-02,-6.865010179825711996e-03,-2.313211789152714009e-03,-1.746438089526794078e-03,-6.518939361426439628e-03,-3.877460289127892742e-03,-7.758351784505217001e-03,-3.968415131087994936e-03,-7.397509929493783186e-03,-1.104139676688093742e-02,1.085889420075574971e-02,4.801678029184665297e-03,-7.768352975249752769e-04,-1.365175201138285653e-03,-2.673809159699013643e-03,1.403982066967250641e-02,-1.033501379264842226e-03,5.833732723605141411e-03,3.680507931440231764e-03,1.114231695326830217e-02,4.165500258361575121e-03,-8.620789732939535682e-03,-1.056047533889062709e-02,2.101751703306841811e-03,8.517056289767776026e-03,3.967507908591458472e-03,-5.328429841206816855e-03,1.148435377963438059e-02,6.474909968963190113e-03,-6.048457857907201148e-03,-3.034695647508452144e-04,3.404624796476846474e-03,-1.460927302978093714e-02,9.002381501401432798e-03,-1.186803572007479567e-02,3.561969640997273822e-03,-1.210399923227217138e-03,9.179034778295708241e-03,-1.372960669883329689e-02,3.366239088773607425e-03,5.253155380584457849e-03,8.255667122894143166e-04,6.545131378245251999e-03,5.878264332001647760e-03,-6.037421934782546788e-03,5.093250434711683872e-03,-1.131198895594715502e-03,2.058632952379803403e-03,1.134953936788125201e-02,-8.265106024696421486e-03,-4.006215004524712510e-05,6.199865073468893012e-03,4.462561829396513580e-03,7.216026722211138500e-04,-7.957882927325203928e-03,6.203869142304164856e-03,3.494780870862373382e-03,-1.997564049991839771e-02,-5.693736182028477817e-03,-1.215379103349382463e-02,1.412359499396297069e-02,6.890693321562806582e-03,4.368565017890127349e-03,6.822208760846214769e-03,-2.784299445798775995e-03,1.409472953833163997e-02
6.638454811370993192e-03,-1.227486511021603707e-02,3.162063493970312250e-03,-8.164108897741769594e-03,-9.353430381863231391e-03,-5.198403658018603025e-03,1.389981477022930387e-02,-2.086141132550394395e-03,1.882017601895372020e-03,-5.147824094666593638e-03,2.107140311946528038e-03,-4.423727070312071831e-03,-1.079547684230526723e-02,-4.935581595133057935e-03,-2.308869975793137810e-02,-5.266002614606146888e-03,-3.683211251891938334e-03,-4.648405269782641958e-03,-5.084327937703817836e-03,1.243060517522962850e-02,5.225715841453406653e-03,1.015539922496905452e-02,7.058857933394521375e-03,1.276715552759705944e-03,-2.490853861374126444e-03,-8.759874841250819832e-03,-4.611196222440642860e-04,6.621332663149520495e-04,3.719266314489501866e-03,2.617003817598378447e-03,1.250166002789268073e-02,-3.190733158355518219e-03,8.149175018294582684e-03,-7.784643392539147833e-03,-2.355204794950438441e-03,4.522493449995161618e-03,-6.650123080516510098e-03,-7.172773345795434297e-03,-3.855439261768167365e-04,-2.378491214161631076e-03,2.062636948020542347e-03,5.712226447251458027e-03,1.123203224259155045e-02,5.331738120348343199e-03,1.383005553106268597e-02,-1.098644533023971281e-03,3.180147627384805921e-03,7.505435844296792607e-03,-1.531602716316309530e-02,-1.898060661083119521e-02,3.298068873009991474e-03,2.027963624689404620e-03,-3.386536870857232567e-03,3.640323765614773398e-04,5.823341260256318340e-03,-1.133881156261995092e-03,-2.240741457745055272e-04,1.255179536680246441e-02,-8.611953023576158703e-03,7.723923928922338950e-03,-1.371146256191915075e-02,1.016034502653093542e-04,-4.794573669957276178e-03,-4.214539306845376150e-03,3.287571311309091769e-03,2.418212082917805530e-04,-1.507149476084725407e-03,2.603928651890899046e-03,-2.062638385737011661e-03,-1.449613008706754976e-04,-9.980497614014092675e-03,4.461254960130176320e-03,-9.433272196322091754e-03,4.620980071496889690e-04,2.914919036546630062e-03,-6.986457749376243954e-03,3.490562129000887234e-03,-1.111846233641487249e-02,9.184560497476195254e-03,2.077900481442085997e-03,8.820416646567829852e-03,1.893452787188933941e-04,-1.455522849738969358e-02,-9.078721728929671497e-03,-1.518910595865331781e-02,-4.366670871810566894e-03,1.636643594108487087e-04,-1.503928460219135753e-02,-9.135502852991429432e-03,-6.948311600922697437e-03,-5.594315402659921777e-03,3.526260184685334111e-03,-2.287004382367085510e-03,-1.220247486423204708e-03,8.639779219274432154e-03,-2.557802052012165487e-03,-1.790281033847460979e-03,-1.851101030334526519e-03,5.130055136271360200e-04,1.311614025112791022e-02,7.689786059404211255e-04,3.740970280730177532e-03,-1.029045200883771556e-02,2.360007061968202174e-03,-5.980683630922608955e-03,-1.835787728478061390e-02,-2.216647233313582838e-03,1.146560550809134701e-02,-3.108793797490323665e-03,9.268686020300245798e-03,-5.378535224741376729e-05,9.895388262057915052e-03,-1.500467235464997273e-02,-2.658342776587856691e-03,-1.340218527098397706e-02,-1.186791947671136764e-02,-6.675306681194395804e-03,8.272121639326435877e-03
9.184146336015451377e-04,1.039791096265018852e-02,-8.401383619664073532e-05,8.839574296923072283e-03,-2.516908026977066407e-03,2.024641476197941090e-02,1.648470437306680204e-03,-1.172337827654918070e-02,5.039698588151692721e-03,-4.091031349886483683e-03,2.720880572954555068e-03,5.941981640746688172e-03,2.772165145207774236e-03,-5.641526850070980627e-03,1.009064982487741652e-02,-9.544735749394165150e-03,-2.539831878421770425e-02,1.110244944393625269e-02,9.995775170026676478e-04,1.603366389482746568e-02,-1.027741694941610535e-03,2.747624945522108252e-03,-1.148975091848205600e-02,-1.606448153583441008e-02,8.966802397538073052e-03,-2.301507652233515840e-03,-5.931624021552015522e-04,-4.923336269070406959e-03,-1.353875018672747420e-02,8.179806129330927881e-04,-1.290200559691055465e-03,-4.834405830039022710e-03,5.706990018960494092e-03,1.476938995732408107e-03,-6.811218779988309144e-03,-6.630666630260061492e-03,-1.181295036116903653e-02,-5.642160552827067341e-03,2.053210658839184355e-03,5.955908291837458055e-03,-1.095476928398519435e-02,-2.303808629424438422e-03,-1.306635982254682540e-03,-4.986602737910188383e-03,-3.731013086010743596e-04,5.473866954802055103e-03,8.393876516365491149e-04,-1.027473974685716093e-02,-9.219374652163235540e-03,-8.626839855401161440e-04,-2.215979919114945476e-03,-9.384189930760119397e-03,-4.991680349732055891e-03,3.826313709918940822e-04,-5.664398240936906019e-04,4.996556360849947233e-03,1.339364963498643028e-02,5.677093766201985782e-03,-3.526495995794721571e-03,9.077693912217986438e-03,-1.583380101257090417e-02,1.328790025661941154e-02,9.302123869231168629e-03,5.822882409045580972e-03,1.412284961690257051e-02,-1.696391480484028000e-03,-6.483358996987985054e-03,4.357888828434699179e-03,-1.641058713340575121e-03,1.378796739637473678e-02,1.556988962468961986e-03,-6.717549670367522520e-03,9.010829328313846309e-03,2.083247128261065274e-03,-3.754969246859106002e-03,6.909252856841228453e-03,-2.931493638653582569e-03,8.107122769042554924e-03,-1.955640359201140863e-02,9.423450092311897591e-03,-1.179038053540215278e-02,8.631304840207128931e-03,-8.116074941029597159e-03,7.217208127120868649e-03,-1.940888724031744053e-03,-7.071880164556816964e-03,-7.550388176958445184e-03,-8.564106742119001817e-03,4.323979661403951937e-03,5.488330166916830649e-04,-4.979368176354891269e-03,-3.137946623106275092e-04,2.508414214246433571e-03,6.609266182084874014e-03,-1.428433856310934056e-03,-9.610342224115959314e-03,1.337452656102266699e-02,8.540435983066931383e-05,-4.004883766573317724e-03,-4.024740043823152313e-03,1.184295002988347729e-02,-5.895423415487387880e-03,-1.322000602544093004e-02,-6.254220896962467413e-03,-1.091969996252559194e-02,2.059371821122061783e-03,7.502002183459564183e-03,3.521798983757611426e-03,-2.910860127173852535e-03,2.076241844986749865e-02,7.974565841105468126e-04,1.338075073348816459e-02,-8.284608690983007520e-03,2.222030669504319877e-03,6.158294059645050972e-03,3.988201463811395786e-03,-9.526871870249368351e-03,-4.958364010672123602e-03
-4.448565733653995005e-03,8.211111771142341059e-03,1.542310629367426265e-02,9.799052145176562548e-03,-7.902679894566734184e-03,-3.796690211292637167e-03,-2.584455100390310473e-03,1.051653199585571297e-02,-7.740580484712333148e-04,3.320440302552844346e-03,2.210533401539755641e-03,1.054849862368816829e-03,3.420881751668586931e-03,4.743101194024910289e-03,-5.333500141297009382e-03,3.138437314173919516e-03,2.682101641350316708e-03,-5.891282585893336740e-03,9.972955948824071756e-03,8.063451092157024325e-03,1.190602905142641200e-02,1.351837393139688169e-02,-1.022309819962667317e-03,-2.270530827876999092e-04,7.721061737177077611e-03,-4.659614771413716182e-03,-1.158501017033827449e-02,1.097892711894298858e-02,3.778917126733226037e-03,-9.392492206711717737e-03,4.193246706228382498e-03,-4.283897934361156857e-04,-7.171737632470713032e-03,-8.121125352718501847e-03,-6.809886871633884231e-03,6.463071906258863880e-03,-2.107286171603731540e-03,3.099367040022049484e-03,1.321530123806732241e-03,9.455746524198111250e-03,-7.046749835897321568e-03,-8.146612438128758224e-03,-4.717152930502425609e-03,1.806019986552298215e-02,7.151806984864131356e-03,-2.101329732409882786e-02,1.806957556533582985e-03,-5.315156151444700230e-03,-9.685176221135823396e-03,-9.177012680728355645e-03,3.964724816312745030e-03,1.038212715994600929e-04,3.477198996802834206e-03,-4.431824832553758579e-03,-1.505129456531496823e-02,3.221263870637325940e-03,-9.634242450106625041e-03,-1.801345178083033115e-03,7.092390432661331524e-04,1.840730459556830364e-03,1.470128349492050811e-02,-1.374618636602782315e-02,1.402828174808715741e-03,1.485973161659648670e-02,1.070498079155826968e-02,-6.506795474446078024e-03,1.630627435905282951e-03,1.037938446169734200e-02,2.469174609180771994e-03,7.851063742532745499e-03,8.412320818770323608e-05,3.122934422226673282e-03,7.136665681790064011e-03,-9.287719976108107373e-03,2.602377966741725203e-03,1.483174198984694471e-02,-1.741309815822010207e-02,1.156957692788830767e-02,-6.468091486216234406e-03,-7.440356635689553046e-04,-4.056329937713597754e-03,-5.428404166544617895e-03,6.917632116109811817e-03,2.001882206232269770e-02,-7.071616506153761451e-03,-8.684994151120046732e-04,-9.235597006779618437e-03,-8.943331707743395684e-03,-2.572503688860862739e-03,1.473370576232307591e-02,5.861294979453162855e-04,-5.630271154322298924e-03,-8.844710723695421717e-03,1.334848452521478039e-02,8.962852294432980052e-03,-5.199250849169169755e-03,1.119109252182522987e-03,8.945048212549509825e-03,-8.242022020274877153e-03,2.753594823779416910e-03,4.181162173787430179e-03,-7.675785413832119687e-03,-1.113898363846709157e-03,1.967976172728455944e-02,1.167174183625143205e-02,-3.933066471517472889e-04,3.356535132198463448e-03,1.076812930128635305e-02,9.900413064989519677e-04,7.042647052816338946e-03,-6.699505272481377435e-03,8.901810940764545710e-03,-4.486196728287795109e-03,-5.138039804493336159e-03,2.854266890830816934e-04,-5.692351249810870782e-03,-1.527480608746238123e-02,-1.248814644542765168e-02
1.943445533956013110e-03,8.285067857469647495e-03,1.176236202220288683e-03,9.020690032329064384e-03,-6.601681467020722310e-03,1.096715009103105319e-04,-8.165555320084094985e-04,-4.381097872748385309e-03,-8.925380633472229869e-04,1.163021514613613548e-02,9.389455110698049362e-03,-2.553321259461209351e-03,-1.116796128416029307e-03,2.666738313691739345e-03,1.086090404044526411e-03,-1.830138526888490987e-03,-4.309835597661645576e-03,4.648258207473223227e-03,3.511657537386911614e-04,2.616350237738521937e-03,-1.125753334241500619e-02,5.359127543992432685e-03,1.954180106224480407e-03,-8.352444213531543676e-04,5.863938348666424688e-03,-1.229084843698566125e-02,-7.469004003860125335e-03,-6.354632921885979262e-05,2.363252539640671272e-03,8.520670899593938558e-03,2.222134204991480996e-02,-1.199461841712285738e-02,6.097772340299960521e-03,6.141466145722732648e-04,4.606116523788143444e-03,-1.080683310020993243e-02,9.763130279339561970e-03,-9.234200005858743746e-03,1.305732142266306794e-02,4.743249529552782430e-03,-1.242255239791923392e-02,-1.102708574258396725e-02,7.521651732477184667e-03,-5.883263973173583940e-03,-1.046933772297428678e-02,-6.546874372072815536e-03,-1.810953907760705708e-02,6.231373474729238679e-03,-6.110522037556099899e-03,-5.455037224325053578e-03,-1.239725696136075896e-02,5.724819447977954126e-03,2.180404720142021472e-03,-4.785348773732298749e-03,6.510338788656046781e-03,-7.794729161873543456e-03,-6.051064222427255529e-03,-4.049988068014015452e-03,5.694168027569670824e-03,8.976323678737920713e-04,5.198468166518910132e-03,6.803716170268978188e-03,-5.872683301762529097e-03,3.581721718215383817e-03,3.240552468443279668e-03,-8.643174462395463928e-03,-4.217373432398771583e-04,-1.579977576185658200e-03,2.055117552003676244e-03,-9.003145483199253771e-03,9.839668415777663366e-03,3.323154489360140990e-03,-1.187386851179999397e-02,-2.875294843546077200e-03,6.884617784985077801e-03,-5.365055606577276773e-03,4.027243253700799747e-03,-2.157318892843066924e-03,-8.769244789680698260e-03,5.644169115560085902e-03,7.889154166683365679e-03,-1.293885974625961013e-02,-6.171705070066347242e-03,2.019002229715141216e-03,1.093715709028850701e-02,-9.248949698961677832e-03,5.856593831014077212e-03,-4.827165250218771499e-03,1.136469399140076003e-03,1.621672807738696112e-02,4.751072975756728302e-03,-1.060894152170684633e-03,8.127054020379888841e-04,8.442897213789438832e-03,-8.131253805476093555e-03,-1.112098728584858410e-03,-5.886212414512805198e-03,1.348379692709887612e-02,4.243449346031213064e-03,-2.331298813548230396e-03,1.586571205456677527e-02,-3.192863557470211697e-03,-2.434363123062212916e-03,1.464348184656307124e-02,9.658665020214793036e-04,-1.741677765454589452e-02,6.750008576086171871e-03,-1.604869475603872995e-03,-4.496156305221273887e-03,-2.687042294894533868e-03,-2.311601511890037290e-04,-1.012000552904420390e-02,4.741133006307621765e-03,-9.638971670082892686e-04,1.565067663873975085e-02,4.583177050518587488e-03,-4.849454201864445845e-04,-7.022974376750768140e-03
-3.177089148335120791e-03,6.197572765433645436e-03,6.643247782947649116e-03,1.987725174651832141e-02,-5.046752686353270061e-03,7.039929891469428984e-03,-5.356962607075510356e-03,-6.544305182287235047e-03,2.641160129258773859e-03,3.801124601275142866e-03,2.560035140178769635e-03,1.271249987820218755e-03,-2.465557068816797044e-03,4.237579684182969826e-03,-1.038516586737044329e-03,-2.546769876764888932e-03,-2.771637922404204639e-03,2.490325454106569886e-02,1.226231524616031368e-02,6.218720638572500931e-03,-2.172328404588854539e-02,-1.384720350536720402e-03,1.761069347317931882e-02,-7.010282494561289983e-03,4.680888590347003289e-03,9.349064966673922145e-03,8.900039553810445633e-03,1.094058793852581250e-02,-1.514157035172900359e-02,1.257913123998277835e-03,-9.115639845025686611e-03,-5.210236700791570641e-03,-7.051287247530861092e-03,4.904985183860125636e-03,4.804046521168857387e-03,-6.444037994336498237e-03,-1.003726195823424761e-02,-6.828678804583311786e-03,-4.562981515578788672e-03,-5.665838236264264527e-04,-1.720043899839899387e-02,-8.847189204796613790e-03,-2.141500686252937626e-04,1.211763742818285257e-02,-4.930879665574902475e-03,-8.757289376818034807e-03,-5.983593268469140740e-03,6.918117532846121930e-03,9.395160730443344321e-03,-2.969808327971366207e-03,1.061354675131237837e-02,-8.753947879575499011e-03,7.409616537847111412e-03,1.295571984114269985e-02,5.881096201961388305e-03,1.148575141134200103e-02,-7.284965924274351516e-04,-1.184683184598191684e-02,-1.371526150654895325e-02,-6.525772412846480089e-03,-3.377849793764228461e-05,8.287697287424962422e-03,-1.746340760658003644e-02,-1.377290761027264755e-02,2.441290172197762708e-04,1.333640849631492200e-03,-5.801907123244698546e-03,-1.461852872573127585e-02,-1.935828745702788695e-03,2.003424256478152695e-03,9.310475648328040907e-03,-9.457146570683677657e-04,-6.777107249599310067e-03,-8.562087352850682176e-03,1.459539366544301787e-03,5.711747311565473599e-03,3.817834458719048950e-04,-1.168820213645338328e-02,-2.332131561198317292e-03,-6.222250708502296244e-03,-7.096990653702032678e-03,-6.984586013518888359e-03,-4.182605711244818947e-03,-5.005513550295214407e-03,1.433789394975492509e-04,-6.173275195190008023e-03,-2.296133797601898965e-02,-9.893515819779787751e-03,-2.546255314418387899e-03,2.739419927706372975e-03,-2.326078536220103563e-03,3.587640541382390320e-03,-6.047706399003257433e-03,-4.941664448328848130e-03,1.104666027992569702e-02,-5.850422285369810335e-03,1.011960516480255555e-02,3.791658120234447666e-03,-3.666659857478973307e-03,9.236253343819255876e-03,-2.193473879130819395e-03,6.395490597305262745e-03,-1.188611561908590672e-02,-3.265689289782384725e-04,-7.003145198418788894e-03,-5.110897236933857612e-03,-1.227775048075223363e-02,-9.543232305851511235e-03,-3.838852774597549533e-03,-8.833487313531569740e-03,1.439686499324672672e-02,4.264020375643749923e-03,5.266497298300357698e-03,-2.209526822673291493e-02,4.632286119097636483e-03,-1.004878020289170192e-02,-2.226736098442237861e-03,-5.810426327264682847e-03
7.463313447003397036e-04,-9.187057908127552533e-03,-6.341487070963650573e-03,6.222648667074384340e-04,-5.135843863900555438e-03,-3.856661159145108927e-03,-3.922286339042360681e-03,-7.702768963577157763e-03,1.771948715615319012e-02,5.970764116268410630e-03,2.953536895933331092e-03,-7.890284012426647398e-03,3.712115965841666834e-03,2.472172032316650135e-03,6.810132387545822681e-03,-5.104356881188273388e-03,-6.553030622024247701e-03,1.369326541270884240e-02,1.903387730410365745e-03,-1.549287057662955026e-03,-3.385253738176178563e-03,-7.663488481777556635e-03,-1.694584633020564807e-02,1.308713602407791596e-02,-2.843271754119797070e-03,-3.587419908675750207e-03,-1.195043710242314587e-02,-3.088667513468202220e-03,-1.028374389887231092e-03,4.388437556874995142e-03,5.557556505108415118e-03,1.486060814558724493e-04,-2.599412751368740827e-03,3.068129696781555366e-03,4.541325369841957109e-03,-1.006335983627028828e-02,-3.020476597590115650e-03,-1.032363514108353489e-02,-1.330257467855771279e-02,-5.595204448257716859e-03,-1.132770580691103146e-02,-6.580472383685885551e-03,-4.575601083403834507e-03,-3.737932112449102780e-03,-1.205175035483147493e-02,-1.180036102867124993e-02,1.734633000424420663e-03,-1.858345037564091209e-02,-5.662538354833626837e-03,1.723766644080808319e-02,8.581629816601690471e-04,-6.507640689970824698e-03,1.942714120154696855e-02,7.329283971140347631e-03,-1.078659195937569759e-04,-1.437919790716604002e-02,-2.858225702539699854e-03,-4.564926611771037007e-05,2.674814597592152596e-03,1.055857472618302283e-02,5.186247650160986412e-03,-1.056764094016361157e-02,-1.148506254875975539e-02,-5.095760731381015173e-03,-7.478194615924753548e-03,-1.168551789245349509e-03,-9.312388223614635058e-03,-4.340184385601610940e-03,-2.387519841773499702e-03,-2.053975786506550844e-03,-7.436881504171168576e-03,1.700357813674070739e-02,9.896751834019992897e-04,-1.146590848401413858e-03,-1.473061744774183113e-02,5.858123138270846832e-03,2.285697607551527479e-03,-2.496911756455122595e-03,-3.710580565434437334e-03,-7.441713992753042940e-03,-7.483653570019907844e-03,3.142363064570067623e-04,9.847804746579336480e-03,-7.332127274687085493e-03,2.120313871195500261e-03,3.564726288301262903e-03,1.609772045267723580e-03,-2.828467681429874640e-03,-4.548746434415204543e-03,1.055702146774893484e-02,-1.217392889497011070e-02,3.081015681713300492e-04,-3.011646951212249360e-03,-9.787235252155260246e-03,9.770264579201994384e-03,-2.530763530960102817e-03,-7.756471962542069512e-03,3.127326852088101617e-03,2.401538173205197951e-03,1.393786846236178857e-02,-7.751866801954167621e-03,3.258368734861880750e-03,6.492816153834746369e-03,1.889488103677660485e-02,3.211496082090536074e-03,6.087285540958988113e-03,1.330098747346497232e-02,-2.453168691817707650e-03,1.832036098900973126e-03,7.535645831113537904e-03,-1.107491043192148326e-02,-1.049592537961448885e-02,1.100637729114328604e-02,2.132198523898398701e-03,2.691815418626202026e-03,-2.697926272829621538e-04,5.492429764113617927e-03,-1.868592113580947248e-03
1.236818061605623152e-03,2.695087550375736395e-03,1.186861412314739635e-02,2.916502499209598642e-03,-2.350739869298390343e-03,-1.899658402319024265e-03,7.262602680885035800e-03,3.808770229520297684e-03,8.458864245623582204e-03,1.192754693805319916e-03,1.330860813914640575e-02,-1.010363153630228911e-02,-1.573508741502051278e-02,-7.904967212594234474e-03,1.303419252834321672e-04,-4.683232850087900960e-03,2.361872967144689524e-03,7.610185700008993692e-03,1.220194721001009210e-02,1.136609980922062123e-03,5.148686031217914323e-05,1.164078907430508673e-02,2.596789357882944588e-04,8.237699869299027963e-03,1.022160018893661371e-02,-3.539491520751357045e-03,-1.009684594865851515e-03,-2.789095146034154069e-03,2.722375580616059540e-03,-8.818005589804084766e-04,1.516016125847000420e-02,3.073241715083262996e-03,6.709057675604630441e-03,3.544387415578985692e-03,4.595713327368219740e-03,7.571336659923680280e-04,-6.088062750563490687e-03,-6.214621282990928468e-03,-1.320886308948295007e-02,7.312785940404520346e-03,8.113892368292890261e-03,2.877200955780753050e-03,8.405924066987324056e-03,4.149536547630235973e-03,1.438017808604175225e-02,1.334203704162399175e-02,4.536444319001180225e-03,-1.013880270154123367e-02,8.591816331007638349e-03,1.324884392624030641e-02,-1.470295001099777106e-03,4.371191945783244222e-03,9.757183001351175250e-03,1.078406119925069684e-02,-1.246841744703804534e-03,8.690055859325461832e-03,1.358236171688320844e-02,-5.620743151142127553e-03,1.100120327520722353e-03,1.375141874217730535e-02,1.174999050428185247e-02,4.236008552550624487e-03,-2.659893673084487865e-03,-4.750356944441685297e-03,2.131326504545217465e-02,-1.055641926232094236e-04,-6.032234005206301569e-03,-1.549232596045640141e-02,-1.547584630744272896e-02,-1.183567528654355834e-02,1.044510260553412409e-02,-1.043855499117161967e-02,-3.177232201767982850e-03,-8.022038570625679085e-03,6.944085048344722337e-03,-5.159089734826279201e-03,7.827142876571734076e-03,5.514510904793849463e-04,-2.026792711531358922e-03,2.061128469154405608e-03,-3.553425138937027928e-03,6.148020374617113723e-04,1.766660840664813562e-03,-7.037937860750198733e-03,-6.925952579456660582e-03,1.551847498755071046e-02,3.667826683038069146e-03,1.306880809663847533e-03,-4.160655505992852735e-03,-1.252991872101621301e-02,-6.688369859778597708e-03,-7.627561509761495752e-03,5.685568362601500260e-03,-8.372769357189051298e-03,-7.900551136094922239e-03,-1.941359713410814505e-03,-4.349501971428883923e-03,-8.837857537845992748e-03,-3.455914699257124460e-03,3.661878170887701914e-03,-8.569071411813372618e-03,-3.785153072190951869e-03,3.800900732337855574e-03,-1.284899034979086405e-02,-1.089092080776192170e-02,-1.303350824554909415e-02,-1.883445818128396928e-03,-1.152005361870615807e-02,-4.030160365769233990e-03,-3.158625188107062453e-03,-5.330584844665340466e-04,-1.190528240384190403e-02,4.395884274558999744e-03,-1.528822986066965921e-02,1.579159227362554249e-02,1.026028154838247962e-02,-1.617249163375591775e-03,-4.518586695109326652e-03
-3.039421857794940163e-03,5.044584330692232672e-03,2.596633655805686766e-03,-3.544282904016618236e-03,-4.457158234652147666e-03,-9.967911709010951818e-03,1.125399903248437434e-03,-4.097903292403729664e-03,-1.228268413322834880e-02,-1.563092145941938002e-02,-1.069464806682735546e-02,-1.143386846964389997e-02,7.615780304890238002e-03,-2.067983954676870170e-02,-1.691833467333191468e-02,-9.387744849428962882e-03,-2.032055177005900447e-03,-5.024402877531904642e-03,2.077616133756255215e-03,-9.491484640172256904e-03,-2.791540251488565990e-03,6.507116128637880151e-03,1.567879250605585867e-03,1.271567850468053110e-02,-4.289007625205036242e-03,3.544397136999947757e-03,4.782716786901399300e-03,1.591954515448407506e-03,1.546082683422126346e-04,-2.942751580425818480e-03,1.072696663358335516e-02,-1.427204887747380441e-02,-3.124699158934026409e-03,3.172182562055111499e-04,-9.152437492656272794e-03,-8.934979699412891330e-03,1.550146288642830113e-02,-1.195597850699662776e-02,5.171885159155352289e-03,5.137753381918422346e-03,1.118392395731810339e-02,-2.406041778106520444e-03,-5.569403458268575545e-03,-7.260201249488027440e-03,2.770408688652301662e-03,1.533857149813929246e-02,1.822011777986417419e-02,-1.602802330884421601e-03,-2.693336771097382728e-03,1.007442591944705812e-02,-1.698527089293383474e-02,8.507330886028025702e-03,9.727142693713211261e-03,-3.874940120413934361e-03,-4.997685025804086273e-03,-1.589072717830350466e-03,9.491801642324642491e-03,-9.922229752435752018e-03,-1.580268116988411964e-02,-1.068123550421897806e-02,5.699873344849452211e-03,-1.026315821622340342e-02,-5.713071986080954859e-03,1.561999478344591567e-02,3.775923960671300362e-03,-8.639034678636555234e-03,5.370494565911421853e-03,-7.123879007188625191e-03,-2.790336786159008584e-03,7.921427955342124835e-03,-5.761767952281118647e-03,-7.961937394459529804e-03,-1.186324158699810123e-02,1.754453721701286495e-02,-1.084401033154633494e-02,6.673607310962211513e-03,7.421427297954335221e-03,-1.751745418657014650e-02,-1.629111382087172375e-03,-8.641611502467332062e-03,6.430219594979362692e-03,-1.085618746289605807e-02,-1.107840551795714369e-02,-2.568506262970419660e-03,8.656055678535525683e-03,2.221206542245128882e-03,4.498152946140056654e-04,9.156780503866828250e-03,6.471850462600262262e-03,9.237597602647454678e-03,2.001437484385750973e-04,1.063055959885512254e-03,7.248199116772529454e-03,-8.653503300492840569e-03,-9.613440739049686906e-03,6.543162238450646317e-03,3.575538866478411223e-03,6.097778809299244686e-03,-3.483680489512572687e-03,-1.512313710172676420e-02,-2.256226047293886580e-02,-8.166168174385577501e-04,4.096120164719615521e-03,2.730425266368859127e-03,-1.006198034271553075e-03,-2.346541638323880897e-03,9.972747135087160764e-03,-8.860672984828715099e-03,8.984781414978864483e-03,4.253454802353507681e-03,-2.143924073139054712e-02,9.049297768222193741e-03,1.049184639688056225e-02,1.353869545398460068e-03,-8.201545780544513761e-03,-4.552937903208164466e-03,3.047115105469960436e-03,7.864869073389731818e-03
-6.863667167607901895e-03,4.472160411713286057e-03,3.012286707352470846e-04,-1.218064335298705940e-03,1.004732264901689320e-02,-6.566952816142410630e-03,9.280809677911167413e-03,6.904460124441997790e-03,-7.906376819561470454e-03,-2.582805669339034802e-03,-1.328971170213020560e-02,-6.033278041094131995e-03,-7.734464125526983695e-03,1.145104890434879563e-02,6.232773661036361545e-03,-2.039162825209172789e-02,-1.878339527810028459e-04,-1.358685595468494753e-02,-1.074279531599867110e-02,-1.981153930234043993e-05,1.038910762165931763e-02,-1.644440988141526771e-03,3.089855561584016561e-03,5.277559329990480497e-03,-5.324793913285308031e-03,1.575912542216548846e-03,-3.224589538749408619e-04,-3.567099721901698800e-03,-5.166317327422001102e-03,-1.510751813091052017e-03,-6.159621133914771306e-03,-8.137734218311468495e-03,5.565752573118455671e-03,-3.645890468390311501e-03,5.529749325860569900e-03,8.755688003804901892e-03,6.020364843067238687e-03,1.571624420944092021e-02,-4.846026210491702135e-05,-1.764690862315183633e-03,-6.104270702038340837e-03,2.376116057100234429e-03,-1.917214794576026704e-03,5.612992810195159901e-03,1.173086128592194279e-02,-4.414485395969272238e-03,-6.626304213193752110e-03,-4.060484569290943001e-03,1.174169291205002033e-03,-4.786284809770456660e-04,-5.009788187444643402e-03,-3.032438599935688406e-04,-4.719110928103752156e-03,3.010280256297483397e-03,1.745185008375329042e-02,1.245537658919448551e-02,4.997264637878973993e-03,-7.497972201165813491e-03,4.688878784639440717e-03,-6.279938042339641008e-03,-7.631593506144404918e-03,9.692694026808590033e-03,1.702891430246677301e-02,-8.391771621431863559e-03,-1.560992244195472741e-04,-1.448216172487986654e-02,1.067029524453216513e-02,3.134548301721007142e-03,7.933657820504310537e-03,-2.530760403253034651e-03,5.524025796195362360e-03,-2.480626057775142407e-03,1.365648547400338505e-03,1.755877801242847983e-03,-8.307701859884018825e-03,5.566976409004244057e-03,5.542103695916431733e-03,8.452918356314575304e-03,-1.079566111705688308e-02,2.733292899976421091e-03,-1.245314413744410924e-02,2.085060785269167525e-03,7.991024256389048230e-03,-1.169696050763951306e-02,-1.394251860104535334e-02,-1.397610774627461479e-02,1.464838912526097298e-02,1.262086510626119623e-02,4.503781060055902195e-03,9.983407300001388013e-03,-8.258248927061638545e-03,-3.132507914930863797e-03,-8.414172119120306645e-03,9.711808392953518408e-04,-2.570246061997919374e-03,1.374978962686025305e-02,-2.043001913242430481e-03,-2.580804635277056565e-03,-1.634458196740554278e-03,4.894836633696945244e-03,-1.628053153367477537e-02,-5.447241173611981797e-03,1.007808282670688083e-03,9.003707872316744562e-03,-7.548750906603548866e-04,-7.313542466867830119e-03,3.140004312704987397e-03,5.330316162052739157e-03,3.339706831382722660e-03,1.590066507091464527e-03,1.164473343229052542e-02,4.813107074240672266e-03,9.344721805484580354e-03,-8.039107618983420273e-03,-2.202748265374136327e-03,8.361680932420078455e-03,1.227051501480736460e-02,2.902141231992255276e-03
7.361705913407539346e-03,2.087501861303353579e-02,1.147562258327375004e-02,-2.259049999087540950e-03,-3.718804930109148154e-03,-1.115845532082934688e-02,3.882820507252412751e-03,6.104000519593850635e-03,-8.967083579797299406e-03,6.229202492203627772e-04,3.526191601669045449e-03,-1.122170382061468685e-02,-2.075558379385693351e-03,-1.102821939159387941e-02,2.417739682792065855e-03,3.961639343367262013e-03,-2.604398626007066019e-03,-3.314641374503040239e-03,-4.593615461330557634e-03,1.682351092768632301e-03,-1.031300743043165376e-03,1.112994309776500594e-02,7.348248519226380628e-05,5.599332410904736719e-03,4.770372082387532714e-03,8.763879951739734575e-04,-1.108921781814250183e-03,2.888013734058829819e-03,1.115850345458406327e-02,-1.088347602499654780e-02,-8.544151988999985903e-03,-5.103664940646950032e-03,2.743777083895984105e-03,1.458129109212086792e-02,-5.221551857106292681e-03,1.577843246476398620e-02,-8.865484114829317794e-03,5.339817554011445401e-03,1.870215473541521041e-03,1.687556428465771918e-04,-3.571906356212260335e-03,9.704627236452569722e-03,-6.422350992080065948e-03,6.682477522825362899e-03,-7.418715715133831698e-03,-1.185049500234849722e-03,-1.621442508178131585e-03,6.936680373382069810e-03,-4.658862278418861476e-03,2.416568020970495754e-03,-1.031262931932675625e-02,1.530036656626306522e-02,-2.190551209451546601e-03,6.999675290977148100e-03,-5.297683593211220676e-03,-7.225976990549243598e-04,8.402501900287871750e-03,6.736956237526007041e-06,-7.034555047847432241e-03,2.765180020689111257e-02,-2.983904605445420691e-03,-1.266278544997357508e-02,-9.474367681086001214e-04,-9.450369406379260234e-03,-1.063552142462889823e-02,-5.288714093328705790e-03,1.364943673551802066e-02,-6.101707222515250634e-03,-6.352268594449004234e-03,3.583695370341988002e-03,3.093681223812702347e-03,-1.531286701507469754e-02,9.267963623600777509e-03,-8.304294446259997964e-03,5.658334985425570243e-03,1.010868577532778902e-02,-4.839321741576296625e-03,-4.641235512324813281e-03,8.586843481278248411e-03,1.852676521627889122e-02,-3.309576629920003800e-04,1.130248007913091379e-02,8.027345356027773202e-03,9.642655882116496144e-03,-5.686396326676143413e-03,1.518583310934025314e-02,1.557024360646779362e-02,6.206761354266624592e-03,2.681527258975698047e-03,-5.278818377339443771e-03,-3.049153879652553249e-03,9.423683496339844848e-04,6.938049031338026744e-03,2.918234078360483486e-03,-3.493732195297140266e-03,-7.522508977691739866e-03,-7.392008180964537885e-03,-6.732283390291349083e-03,6.396131258931641965e-03,-6.447172432913811282e-04,-6.282449779451915184e-03,1.810203279010726661e-03,4.801064487325158378e-03,1.070669792890676861e-02,-1.883902144903861278e-02,1.305368557836349142e-02,9.093072264459699586e-03,1.102545543271345706e-02,1.284947569995859365e-02,7.137710050928702463e-03,-1.021504087447162347e-02,-1.281724747430471045e-02,-2.026847284267153243e-03,-2.017057024843492766e-03,-1.598551946535268012e-02,-4.149242705842280654e-05,-4.826036362813792592e-03,2.913894938205446698e-03
-1.152843683100393014e-02,-6.474518741989120606e-03,-1.426394499657995200e-03,-2.547851790710914995e-03,1.201187406812295050e-02,-1.226389161633068946e-03,1.463239059299235173e-02,-2.401616815104438453e-03,-4.195157647376354486e-03,-9.957683096567386191e-03,1.104322521613109592e-02,1.439419223107820181e-02,-6.239152415414653610e-03,6.719494615429984219e-03,-6.890724547383852852e-04,-5.369515415712026486e-03,1.179655404100352772e-02,-7.071639703648179009e-03,-1.985292565067569605e-03,4.407098787509867131e-03,8.203492004921040951e-04,-2.398286461941803293e-03,1.798510768185192666e-03,-2.617190745913228027e-04,1.184723558710232098e-02,6.607252362837516199e-03,5.276195482124303171e-03,1.101244551606136339e-03,4.231491895906965353e-03,3.094446348884545214e-03,1.153268022237042764e-02,5.859825338001920653e-03,-2.310889243668978656e-03,-6.616731883788740803e-03,1.129433081218536063e-02,-5.484447668287107877e-03,-2.077538787511130393e-03,5.972208238360319880e-03,3.252371630673778821e-03,1.316119007288650539e-05,1.300175799776997349e-02,-5.417889560232748598e-03,-8.504078314682523947e-04,-1.513060152786758518e-02,1.790433425374455059e-02,-5.363476792512844246e-03,2.576806176285990208e-03,-8.525864499034257679e-03,5.980247833641236938e-03,-5.150314469245527438e-03,-3.026500436570047151e-03,-5.684811846741353800e-03,-5.695369128169480493e-04,4.368236205664468262e-03,3.583042432175555150e-03,4.283172432246575359e-03,6.372036619966592146e-03,-4.816320533429779317e-03,-2.060644903051816676e-02,7.831688089293661935e-04,1.173797026841375858e-02,-7.113218669218678014e-03,2.140336168206369641e-02,-1.081201364061063451e-02,1.474601522054893698e-04,2.704627689062562030e-03,-6.656167007973956724e-03,-8.180985296245966987e-03,3.735902533552310119e-03,2.264227978915149195e-03,-2.987875342693972237e-03,8.880112408867622820e-03,2.649396764914148990e-03,-6.055201670503374684e-03,-1.141026828726505148e-02,-5.667474544157636955e-03,-3.820401786414732992e-03,5.132909775739189634e-03,-2.138702258390199826e-02,-1.489468340333497797e-03,-1.468940265751525476e-02,1.256928484282606936e-02,-7.193581230555425553e-03,-7.777944171809505168e-03,-1.251029953790739170e-03,-3.130468914237267020e-03,5.451230896738064498e-03,1.569485589130788922e-02,-3.442966008462325887e-04,-8.120125987778094301e-03,-5.804630464540512687e-03,-1.742657285737078633e-03,-5.750811501898715934e-03,6.032766233506172034e-03,-1.184869913290875765e-02,2.791144411848816621e-04,-5.022041564454242553e-03,9.917892835419569661e-03,1.206666361164530736e-02,-5.370534939170489366e-03,6.335776065838547716e-03,3.411151579946075825e-03,-2.278686992339773541e-03,-1.107764470476535479e-02,-2.063423205073328971e-03,1.617233158472039523e-02,-8.356478537030694737e-03,-1.377692994682244579e-03,-1.407376031902679396e-03,-1.257070201237156515e-02,3.987125650782661485e-03,6.983258918175343916e-03,-1.270391960953641368e-02,7.886187298003034807e-03,-1.380412365820722978e-02,4.035616797181822840e-03,-1.571589227137850384e-03,-1.305103869812729994e-02
2.740348604579626469e-03,-3.875734813069463790e-03,-4.166036860200695961e-03,4.208235964023960760e-03,-2.878925980698623498e-03,-4.014812605101263782e-03,-7.483609008946685414e-04,2.374089762744659767e-03,3.645651510726110028e-03,1.105591951462666159e-02,1.046621807844166224e-02,-7.875411197220037740e-03,3.198831066325263928e-03,-1.072734448181938104e-02,-9.741429676228404236e-03,1.732983383580864343e-03,1.630154953711611746e-02,9.251441459355938274e-04,2.256944144355867415e-03,1.404146476849519286e-02,4.312045075045838928e-03,1.078239238201084225e-03,-5.492730579181897242e-03,5.178423277717108565e-03,2.649764199284996256e-03,-6.626241882411118729e-03,-4.334884233340738878e-03,-1.669086331344966836e-03,4.847797245989870878e-03,-2.064683342552593379e-03,5.420046526629122667e-03,-1.684688293441810245e-02,6.942086359790534261e-03,-1.493651397917326179e-02,4.166695098645769820e-04,-1.374056790774914752e-03,3.363434252069069826e-03,1.225718393231912083e-02,-5.767818758782971428e-03,1.790157579147503512e-03,-2.151406530433918381e-03,-8.836835617492780782e-04,4.316861255547546627e-03,-2.764323682070554070e-03,2.229899927457203862e-02,3.634984925864886453e-03,2.606013616008794401e-02,-2.033947343646826198e-03,1.910332190233021699e-02,6.458289224454746326e-03,-2.613789308402470705e-03,8.846520194139119789e-03,5.319589646467612516e-03,-9.921521822953190822e-03,2.550165806447357748e-03,-1.796103330922275629e-02,-8.481830834417513482e-03,-6.530233167803502952e-04,-1.987197285691683427e-03,-3.524865709151355116e-03,9.095129233204185537e-03,-1.086841130907878483e-02,-1.206674718540558591e-02,9.958682419628768316e-04,1.100064779648043771e-02,-1.481393621048885528e-02,9.841112716659780948e-03,-1.554547561194328208e-02,1.976212415832589650e-02,-7.212646983452351314e-03,-5.737011270716092966e-03,1.306586987778584827e-03,-8.054588861710339914e-03,-7.454897946991519316e-03,-1.126381830977424628e-02,-3.297445937258648707e-03,2.102538680360248758e-03,1.500696236476464079e-02,1.021826042621499717e-02,5.521178082859156018e-03,1.287737342852784093e-02,4.808705872844828131e-04,3.553785710473888765e-03,-3.401283282944400285e-03,7.479123151166471549e-03,7.094614114582549133e-03,5.133240806763202102e-03,-1.312461723824549266e-02,-1.356187643705321702e-02,-2.484298600315721847e-03,-4.348354297017089330e-03,1.926052212217707366e-04,1.318019200590032892e-04,2.347408180846783515e-02,-2.661712659265356648e-02,-1.116060770621420508e-03,4.730395283781993650e-03,-2.214276502861119763e-03,-1.425812908609287721e-02,1.426037633931335862e-02,2.101805441383230739e-03,-1.747303416447107058e-02,-1.283601252296508524e-02,2.350667974770300362e-03,-2.780465538899003740e-03,-5.168556511445126199e-03,1.413870231060893913e-02,1.087938840097015490e-02,3.684718766942156939e-03,-5.660179102637210788e-03,1.160278720615768276e-02,1.080764093476233902e-02,-1.068241733355499400e-02,-2.891613747259868909e-03,4.961226738930146242e-03,-1.192728851592092304e-03,-1.727334504762148906e-02,1.449825018089203298e-02
4.304576213680117933e-03,1.827117996367263715e-03,-9.695042537391534987e-03,1.516457505595836773e-02,-2.127510862682847892e-03,-9.035706846261857368e-04,-2.513903286669344570e-03,-2.681303262930894837e-03,6.266984516518939131e-04,-1.566747172618516287e-02,-1.552808133422965524e-02,-1.229599756875065369e-02,1.444843418645444175e-02,1.905703234610829156e-03,-8.028231730262552074e-03,1.272980288266419360e-02,8.368194134524448461e-04,4.936632817600583416e-03,-8.121009199220057331e-03,-3.454163672810550440e-03,-2.537159445266783282e-03,3.989293348523892564e-03,1.375869719725280292e-02,-9.434775089838134607e-03,8.105672650466796275e-03,3.724185785560391992e-03,1.496443568604529642e-03,6.139161860480402827e-03,-2.317518806969469294e-03,-5.765469852368411592e-03,2.481989608499012880e-03,-8.406307965129538803e-03,2.742833972672496009e-03,1.111685441811645705e-02,1.516698398323988901e-02,-9.751176130472938297e-03,-4.102477687295371864e-03,-3.725205066319556713e-03,2.073031722033651797e-02,-7.693502435940785273e-04,-4.903674790497304127e-03,3.003749492981779966e-03,-2.054702415614189162e-03,-9.251357747725548128e-04,-5.819186953348337186e-04,4.493220559859616159e-03,-1.254959521837941197e-02,1.957831801171128899e-02,-1.876750483507862166e-02,1.656613686545031468e-03,7.640018761448693317e-03,5.413390501011868840e-03,-3.377085077668906185e-03,-9.926966805791000506e-03,-5.031337296337850401e-03,4.095286571875068199e-03,-7.392004811469914680e-04,1.913826804385315499e-03,-1.246983474570491357e-02,3.144658760349469413e-03,6.666542971746262577e-03,3.519664819265609819e-03,1.417968466298535034e-02,-1.574513294671376837e-02,-6.519769233399998892e-03,-1.092723378452934054e-02,-4.068008985013834948e-03,8.535741910640036803e-03,-4.118368622931776329e-03,-8.720789337295741309e-03,6.180315667001600247e-03,-3.202246351565951003e-04,-2.759257496547118878e-05,-1.702346463732636386e-02,1.310064044180479607e-02,1.705882149305349912e-02,-5.889054436898010295e-03,1.222627286552599099e-02,-4.314742085901028361e-03,1.960160540418752571e-03,1.322779167070739503e-02,8.413605308107560080e-04,1.082303707865675362e-02,1.855632392772407985e-03,-1.268449452686587660e-02,-6.536436187558604567e-03,3.276085009653335618e-03,1.395112780246527111e-03,1.372757576120347406e-02,-6.733161852718239429e-03,1.242728200230535512e-02,-6.792730549591633783e-03,4.662483009489014861e-03,-8.264093619573644259e-03,-6.082619353918523875e-03,-3.723109460679105160e-03,-5.796620956946898183e-03,5.133054090216771295e-03,-1.894040527816655229e-03,-9.338509676669012535e-03,-1.494828382231685147e-02,1.491517738756905319e-02,-1.528245428224902190e-02,-1.048444703707087158e-02,1.014949480486599699e-02,2.039974421169388381e-03,6.324999589295592778e-03,-4.970592824551325027e-03,1.722256507699285177e-02,-2.617693751757148649e-03,3.396061064410536064e-03,-8.623670530103565157e-03,-1.255261545316059026e-02,-5.806288036217880852e-03,4.781409321743449944e-03,-2.683018488901354852e-03,-1.402703763037313305e-02,3.646747527546747702e-03
6.835370457647938110e-03,-2.896472181658670941e-03,3.166912107279112160e-04,1.960608657787889664e-03,-2.669583415670664667e-03,-3.285366915697502700e-03,-4.122558676482347695e-03,1.115891086366692549e-02,7.489239938322763204e-03,2.007045625068986858e-03,6.136337231183119044e-03,5.025732916589835050e-03,4.974048841227838268e-03,-6.947564959191262698e-03,1.547687487496519345e-03,6.017421395529976187e-03,1.364922226768245641e-03,-7.229984805200279346e-04,-2.439741005464227640e-03,7.233839804240720832e-04,-5.863428463954522760e-03,9.203601868480744408e-03,-2.339183050103108615e-03,6.721736773142879436e-03,-2.962656108285329631e-03,1.041235310470431039e-02,2.413777030687333947e-03,-1.013647295115632438e-02,9.138388247549115648e-03,1.729757922593119367e-04,1.048091995977743288e-02,-4.288746615965490817e-03,1.245721178746004958e-02,-1.148096113744671680e-02,5.510213439374925248e-03,8.828693851351406344e-03,3.185446199950377200e-03,-7.465535542302750155e-03,1.968937834871272580e-02,4.953537345510780621e-03,1.367771420080013574e-02,8.315621993324895031e-03,3.562955679131711508e-04,-1.506992192532399799e-02,8.793375377778361521e-03,1.632411633794381145e-02,-2.745800527349319658e-03,-5.482859096818242309e-03,3.470682960755153926e-03,-1.231347319581472914e-02,-5.205041797990704426e-03,4.530322636650300008e-03,-5.524515922248514344e-03,-7.273993362392848668e-03,-1.608686013312716828e-03,1.647556255975864137e-02,-4.072716605111025186e-03,-3.041516817403846400e-04,1.302565088832631675e-02,-1.277690960229578912e-02,-2.180149361315485926e-03,-9.651590102183370962e-03,2.478656298850535553e-03,-6.930429272374106879e-03,-7.856178737802628140e-03,2.998504770430212175e-03,8.344787067808213032e-04,1.092325164757181402e-02,-1.481038892007244430e-02,-7.794495630412644205e-03,-1.788045656784510370e-02,-5.666067535604264391e-03,4.558005983234574010e-03,-6.353076320097901346e-03,-1.612603115200860956e-02,-8.208779404084267164e-03,-7.187895692747381729e-03,-3.544344113041466866e-03,-1.178847479161590148e-02,8.842263578224656686e-04,-1.362064845557552778e-02,-1.593938626865815372e-03,8.346043680679940402e-03,-3.853960474887948000e-03,3.416598219025690671e-03,-3.375097176130930667e-03,-2.200529200597062078e-03,1.487857324451695743e-03,1.258256087505792023e-03,1.449540452239934593e-02,4.790136481666474461e-03,6.754078913217766329e-03,3.404706854244428631e-03,-2.062319148034420183e-03,-2.842140636251664146e-04,-1.888601064457401391e-02,-9.047868160638393789e-03,9.510964391953577457e-03,-9.664271924874763900e-03,-2.645262864784794343e-03,1.331602355565161475e-02,-1.596272715464006411e-02,3.616734229339751538e-03,-1.401161316865726439e-02,2.839355854044004358e-03,7.068453065219732975e-03,-3.795416651519982628e-04,9.900202595814738132e-03,-1.342896384243351220e-02,-1.947350637825578739e-04,-9.029668503623368078e-03,-2.651493133698583447e-03,-7.602422081029890435e-03,6.095088544177736101e-03,-1.725652624756279785e-02,-8.893476044111242259e-05,1.953388749580796044e-02,-1.047520611798284261e-03
-3.592709455673854472e-03,3.609758456642219067e-03,6.223533543183247356e-03,-7.251317468258599609e-03,-7.057377035789140843e-03,2.607738651428935604e-03,1.306056775864644984e-02,-3.687590074566159809e-03,1.998452497297779559e-02,-1.136687616004557026e-02,4.220053162861841720e-03,9.121401998975525033e-03,1.484539954045853774e-02,-4.315354236339900319e-03,1.978901770080303268e-03,3.486709953062298948e-03,6.708839469799944902e-03,3.882071357126021423e-03,-5.201757826934087607e-03,-5.255547432151153574e-03,4.242136131540044132e-03,6.863822817151369465e-03,-5.004434008488842754e-03,-1.091542332042149364e-02,-3.865168147234972033e-03,-1.130204530967855378e-02,7.531878865263086538e-03,-1.004749071835140707e-02,-6.913129802303494970e-03,-5.185021820657887727e-03,-5.385592722543777223e-03,3.293448834199097421e-03,-5.714316746730716857e-03,-2.152785940406813127e-03,3.701594842565361881e-04,1.489118547267152164e-03,-4.206622079098529948e-03,1.402134174133594195e-02,9.698219552566385987e-03,-6.802890887597028667e-03,2.117148869715188442e-03,5.810699243706220901e-03,4.607080266552494863e-03,-3.834730492075496405e-03,-9.383926857961570611e-03,-2.243276754009288377e-03,-6.469683117957969291e-03,-7.428216177801437274e-04,6.745407804605642668e-03,-4.952734829071685739e-03,7.190726956031893990e-03,-4.678485988860009090e-03,3.068153983011911567e-03,3.657110445033090983e-03,-1.380376042928581522e-02,7.682229880196731094e-03,-1.388319028304023199e-02,-5.661788871087156463e-03,2.020982620260101253e-03,2.770361634987836014e-03,-9.368757578854253068e-04,4.778524540155338132e-03,-1.148164488100070473e-03,1.020249200590216294e-02,-1.175557647078308504e-03,-7.161262583982670217e-03,-1.037899128326501448e-02,-3.051013114648103500e-03,1.518890499894654704e-03,-3.726502874234179433e-03,-1.777555454432423396e-02,4.633680545068335349e-03,-9.200607732045448101e-03,-7.265239798719863411e-03,-6.542155988037826053e-03,7.056644406750996537e-03,9.592948561238516178e-03,-5.457565994909161292e-03,8.317848339609046912e-04,9.635682165417779749e-03,-3.672490149769837200e-03,-8.947662881906319129e-03,-2.020139695299572741e-02,-2.436815367115147905e-04,6.985256248841611830e-03,-4.200160871045631114e-03,3.013778681982226277e-03,-6.246781087019513852e-03,1.337578917942854745e-02,-2.627941579244627048e-03,9.764299519270264530e-03,-1.078322541214976442e-02,9.181302335129572006e-04,2.781091740896400513e-03,-1.258341357442667972e-02,-6.466511552506261536e-03,-7.978235227362486665e-03,1.257023896117141553e-03,-2.246829318697423587e-03,-3.790896932481632037e-03,4.622130603210617208e-03,1.073745271608069450e-03,1.512420509093681358e-02,-3.962702618331806243e-04,-9.592579128500521371e-03,8.069802227755900779e-04,-1.084570048407557975e-02,-3.164097738314566215e-04,1.541043557518349642e-02,-1.577623351523632037e-03,-7.199126984558264046e-03,-9.600291053378664716e-03,-1.260188078782450809e-02,-5.369412762347525875e-03,-1.646626050353347873e-02,-5.164313655129175971e-03,6.857919532398545578e-05,1.064987982463492383e-03
3.898931225022033136e-03,1.494282709673231194e-02,2.710290944139972548e-03,1.443676815497099523e-02,-1.461914666033800603e-02,-7.809015919736030271e-03,8.424258239014083272e-03,-6.273306602825452728e-04,-1.583250404029534026e-03,-6.701337489976711033e-03,2.897407826405844211e-03,-1.516753366332226731e-02,4.320583324185505066e-03,-3.311898075994121771e-03,-1.030406871483063522e-02,6.222417282760850377e-03,1.392528686021971950e-03,-1.889057854643620346e-02,-1.366496532438603306e-02,4.613049614499374271e-03,1.222558583279414850e-02,4.563551154713174456e-03,-1.884731060915301876e-02,1.390476494445520156e-02,-5.685146791833674447e-03,1.608155541767303243e-02,-4.746995242656535871e-03,2.514000789298807478e-02,1.081136565461433482e-02,-7.256968282012082015e-03,1.565387774399830054e-02,-4.842256532503412536e-03,3.211742211755553265e-03,4.128287044941362713e-03,-2.943473085851048762e-03,-4.063772442926015527e-03,-1.091456233336784466e-02,-5.879546251576685950e-03,5.145548788099723291e-03,1.214111207330971498e-02,7.517664881416762784e-03,-2.316493873514809457e-04,4.815041412900837592e-03,4.396216317222700898e-03,-1.240608162960492485e-02,-1.526078673095209066e-02,-4.195502687999405969e-03,-1.423206637976152933e-02,6.949230337127442966e-03,-2.663268062222395524e-03,-4.631005167904558850e-03,5.153685595316525540e-04,2.691706933393113108e-03,-1.669194755742500064e-02,-4.461098356474371869e-03,-5.250764670939498183e-03,-6.959679594533536851e-03,-1.336000562135871870e-03,1.004923572574395810e-02,-1.403485653637263908e-02,-1.847317719380251562e-03,-7.030684677709195772e-03,2.702984120956167247e-04,-5.818705682517662583e-03,-5.490124551229117779e-03,-2.410529948624354647e-03,-2.095913989150575280e-02,9.306899749165268437e-03,2.866113465245612862e-03,9.282991467767306645e-03,1.022495543786838476e-02,-1.696512606519924929e-02,4.955938482318109073e-03,1.990891670801791125e-03,3.157184457502131610e-03,5.978277470031571547e-03,-9.184102155092731604e-03,-4.763912654602556651e-04,-8.861011754612195881e-03,-6.996004379239115049e-03,-6.433774457009004168e-03,-1.081373263871382266e-02,-1.003916710290769614e-02,4.997634755479245065e-03,-9.802945956771834043e-03,3.443237457930908613e-04,-1.576393646030132970e-03,-1.104490752461909260e-03,-1.124035760345496252e-02,-2.504786512443940745e-03,-3.153098537858319526e-03,-4.121295070498479096e-03,2.604722406593271383e-04,-1.454373276372581411e-03,-1.180008894840409639e-03,4.660543542802004363e-03,-1.298170021290768160e-02,-2.165061125235539195e-03,3.165529589904786303e-03,-4.513802524957874804e-05,-6.174910575704968541e-03,8.383450119748761878e-03,-1.574740215007331421e-03,1.268865030973341176e-03,8.849339647398764275e-03,3.337293519556706542e-03,-4.502755620018536291e-03,1.003059987406383115e-02,7.677497049273888062e-03,-2.528016129071656258e-03,-1.517821876549466445e-02,-4.464265792018173515e-03,-4.811158845149558251e-03,1.149868599705554037e-02,-4.641664393224519125e-03,3.867661362613812777e-03,-8.953042629212393591e-03,1.696296228139349124e-03
-2.914722480176900211e-03,-3.306017231442802493e-03,1.675188786935339139e-02,-4.330511543737359387e-03,-6.743416919214983984e-03,1.445191533404498489e-03,2.906474632743885969e-03,7.377279762333111826e-04,1.072003537484571105e-02,2.388155631145042791e-03,3.671050901237048886e-03,-5.613277655597951644e-03,6.194257484843656431e-03,-6.975612371749493126e-03,4.229386048608516427e-03,-4.621221019096689517e-03,3.005909700026831825e-03,-6.631133708541720947e-03,-1.357167573103622814e-02,-2.850881747666218855e-03,1.682698751243088403e-02,1.482676083613724063e-02,-1.540166353029256106e-02,-6.111187469636096201e-03,-1.185637528854843400e-03,4.551037748463967851e-04,-2.256091435700895501e-03,9.914760891301539411e-03,-2.679004453754427716e-03,-2.148412411380795032e-03,8.672775354475820847e-03,-8.721006427131871436e-03,2.394756631983938056e-04,-6.711563290104717626e-04,4.663542592108053247e-03,3.011749414710982765e-03,1.111980866052200007e-02,5.897851926757255968e-03,-7.262693423171274684e-03,-2.416253607473163557e-04,3.317029214995113710e-03,-1.654231029120806391e-03,1.648304089284363672e-02,3.243705073689675394e-03,-2.371929788864657242e-03,-4.527850732252618714e-03,-1.531334501266893959e-03,-2.016363277536327783e-02,-1.988750763291914983e-03,8.908961842125867430e-05,2.104746867303785868e-03,7.537422104825602411e-03,-2.526456988127170206e-03,-1.120905383020296634e-03,-1.095990857458440651e-03,1.032503618102758279e-02,-1.629442406229044543e-02,7.305457439380260050e-03,-1.573697214858277640e-02,-1.408261160604105163e-03,6.536476214863445010e-03,-3.593820148918773320e-03,-8.657350206317977748e-03,1.453923268108911308e-02,-2.304489656641251633e-03,9.629359469476028027e-03,2.661659863780242025e-02,-4.232950838026967345e-03,5.732579341960582914e-03,2.815752684633569380e-03,-6.854561658596854470e-04,2.926104705865202344e-03,2.176290502089770363e-03,-3.862146316321565624e-03,2.140049897873710482e-03,-5.059772476266466293e-04,1.619453362597566420e-02,1.268751553104616007e-02,-3.259249902557988070e-04,-5.554651069898860864e-03,4.160871102695887398e-03,-1.475169603215209253e-03,3.152101906649937887e-03,1.785729803948712512e-03,-3.289481001672055530e-04,-1.432046961843425927e-02,8.245770741819881053e-03,-1.412234451417211179e-03,-1.076138680461543803e-03,6.724838613849697111e-03,-1.221495838148026550e-02,4.246238709152132251e-03,-5.150393174398962791e-03,5.442646298724026187e-03,1.129683868745986856e-03,-1.265518566135121099e-02,8.712321698188741498e-03,2.032574248265925712e-03,-2.891647893238471264e-03,-1.807355446546833437e-03,7.050634134773556098e-03,-1.494545669033044838e-02,1.089639209939033231e-02,-2.813428791092322922e-03,2.862407512586913425e-03,-1.104395485231988473e-02,1.260947070444042549e-02,9.089513032499860678e-04,4.132353622113063389e-03,-8.269564687952380908e-03,-1.634327365613364108e-03,1.917849618633885554e-03,7.999959836629383023e-03,-2.737780656690160354e-04,1.099493018759975559e-03,9.696609467532927434e-03,-2.344835765221099026e-04,1.174435954928784373e-02
9.363423269789070483e-03,-1.314498314883744828e-02,-1.166421905754526887e-02,-3.522759334915193650e-04,-8.170144531421072789e-03,2.192884685592273470e-03,7.326146663543402259e-04,-5.297495933479957902e-05,6.549226768860908106e-03,-9.683660465387039853e-03,-2.962846721288807644e-03,-1.133787316402780528e-03,4.317041763047055856e-03,-2.658415709927816097e-03,-1.630734091216560350e-03,-3.764971088235059653e-03,1.409324885141563510e-02,8.933971753416477396e-03,-1.055069083174137515e-02,-1.138723780238343241e-03,2.099448625026817481e-03,-1.195821459628250601e-02,-9.967951116006863038e-03,3.024735018169042843e-03,-9.589003500429022951e-05,-4.240793521681445084e-03,-1.360007854643469766e-02,-3.874706709615778795e-03,5.352140670898427981e-03,1.401028913250985074e-02,-6.228782573977707793e-03,-6.565844445978758631e-04,1.760804409569393866e-02,9.239594678036172626e-03,-6.062833355293291426e-03,2.425686563136756659e-03,-2.992595556354383374e-03,-1.935131973480203396e-02,-1.670698050805102114e-02,1.283921096901268627e-02,9.574151315989095495e-03,3.136965345136451342e-03,6.150652897510711960e-03,-1.195439284150219030e-02,6.347352193749431978e-03,5.215303361992587941e-03,-5.343080774761251733e-03,6.508137366890300035e-03,7.057404362541191273e-03,-2.538636170060616128e-03,-2.208497401020152653e-03,-2.548423572296202363e-03,4.570567844871583491e-03,-5.816848003830154407e-03,8.071773263514115879e-03,-5.926611737612523176e-03,-8.234088449359062631e-03,-3.402885034892819995e-03,3.491042233738785895e-03,8.870696445249636602e-03,6.899316115488966436e-03,1.538392322298210227e-02,8.173247180496785724e-03,-4.883471969060460688e-03,6.806619509707866056e-03,-1.181991568418583154e-02,1.154953748238819050e-02,1.843373812631113676e-02,9.966383562230136245e-03,-7.331686882109408540e-03,-3.794637934064367529e-03,3.304885199758230818e-03,1.639426685165334659e-03,7.987784364319712796e-03,-1.043459686046424063e-02,-8.562369322423961024e-03,-5.505567269886955939e-03,7.168154745652985035e-04,2.359391744708669910e-03,-4.420952853848011087e-03,-3.035480519185827265e-03,1.478906068823564006e-02,-9.233213907746390739e-03,8.282147051980211921e-03,6.600718382223523008e-03,-2.022504963448939607e-03,3.838969703450347253e-03,6.751237585775482150e-03,-4.599984739210595508e-04,-9.405450078842421565e-05,2.240725589341911045e-03,2.710659263891155094e-02,-6.934068811766703165e-03,-2.734932179398850190e-03,1.980705760868178063e-03,7.544256368542551780e-04,7.709066155544484072e-03,-5.170940756328717709e-04,-1.128558676256537045e-02,-1.249774050767780802e-02,4.316458114965842849e-03,-7.818363348156559187e-03,-2.146726859974757481e-03,-3.809111409065935646e-03,-6.960762138725437066e-03,-8.558386812473802938e-03,1.343231624273048819e-02,-3.586654621511231687e-03,-3.869709693388755957e-03,-2.315237190594939074e-03,-1.172257742178221818e-02,-8.240051796719639887e-03,2.743604895433426373e-03,2.045363874720063872e-03,-7.640467494339428511e-03,-8.062873711309403654e-03,-4.013686007604743908e-03,1.674345501739102349e-03
-1.358728859858610721e-02,4.813059128438402015e-03,1.011294956842271036e-03,-9.302107173534532661e-03,-8.788044750591533436e-03,-9.001843549531653513e-03,-3.329909968576896025e-03,5.156920085709408054e-03,6.866363635240198444e-03,-1.704413953178330818e-02,1.180340012332762104e-02,6.207752392716577548e-03,-1.588804232553114653e-03,-7.759924546630314439e-03,-7.155665637798258941e-03,-2.098785675154709834e-05,2.656823620434679758e-03,-1.828090994656087973e-02,-2.339442046798746472e-04,1.110168168343395566e-02,6.090290232936572890e-06,2.846540960654330658e-03,5.023933474758034493e-03,-9.370694363678309848e-04,5.250261593898572672e-04,-5.482400622697648773e-03,4.847011768884004236e-03,-1.871701738141389728e-03,-7.239041248988891503e-05,3.552072832459138817e-04,7.845791370837294429e-03,-2.370148041317081053e-02,1.174730978691409557e-02,1.830106434670543056e-02,-6.633690670482276716e-04,8.400051751559590996e-03,-1.127071052653599338e-02,8.460804743702123043e-03,-3.083848482273704623e-03,-2.356920993203468449e-03,1.921688726801428892e-03,1.776719896698705434e-02,-8.211858860328949405e-03,1.865743477141330571e-03,7.010761844586790165e-03,-4.173566352961852535e-03,1.047552933482291497e-02,2.890724630561198206e-03,-9.161736729523379391e-03,1.498733053349062157e-02,-7.572259171828271251e-04,-5.028862738895326263e-03,9.310202196901816961e-04,-1.642536785984795300e-02,-1.169295535886620205e-02,3.793031047821647126e-04,1.308340149073074915e-02,-1.492931883881851336e-02,-2.480616918208835078e-03,-1.040894810605963623e-02,-1.396399217755890307e-02,-1.695139950439749146e-02,-4.873411300345829172e-03,-1.464804363047808415e-02,-3.155788582401011181e-03,4.436479630735870767e-03,-4.370846553087739950e-03,-4.300307548256433049e-03,1.000738542032317269e-02,8.834698976940487695e-04,2.174365825362415197e-02,-4.240792740912740404e-04,4.615482306094521002e-03,-1.435485769978028510e-04,-7.117689293925581317e-04,1.876614553059176294e-02,9.552433337791639209e-03,3.824392395562510073e-03,-1.075157070419563779e-02,-4.703104679550804135e-03,-2.454704035814639709e-03,-1.507072184886726514e-02,-8.079093536030435398e-04,-6.664471307358868328e-03,-3.244132997524225379e-03,4.904427214733628713e-03,-4.599031930573900008e-03,2.235946411808601916e-03,-4.867988970298234297e-03,2.316192005849904492e-02,-1.676179145548825243e-03,-1.000846084963787595e-02,1.090802796357766800e-02,4.755774168537996865e-03,4.887402089141311412e-03,-9.534132171275553486e-03,3.555385819383102049e-03,1.104350083411264043e-03,-1.174918871421060107e-02,-2.428297456977793548e-03,1.340355248268869023e-02,-1.552858379542420772e-03,-7.142488538898029288e-03,-1.213322355361752189e-02,2.094270542594168366e-02,-3.071521045290514628e-03,-1.244627388585184229e-02,1.209428003504928358e-02,1.208750661459731535e-02,4.745280888611181323e-03,3.638462606493891860e-03,-2.262283842580522630e-03,2.500937783546741764e-04,2.045042378919435279e-03,8.412469801662353364e-03,1.029834008754707767e-03,5.056045805819421070e-04,1.079683570185927888e-03
2.133830533027261320e-02,1.744460655732121140e-02,2.815723439313430262e-03,8.023944800554677972e-03,8.435575234251308299e-03,-6.533955899996016388e-05,1.213808851890468138e-03,3.809431063793950866e-03,-1.356481019007289162e-04,-2.853221538254872500e-03,1.526862185054454236e-02,-8.274093361859195112e-03,8.268402603704247400e-03,-3.810355821686188353e-03,1.097867602565568909e-02,4.959098157166456390e-03,4.845443902448353518e-03,-9.259139526997341163e-03,1.370579028157756099e-03,-1.704957155766026813e-03,9.778314662148393163e-03,1.564525707587204311e-03,-1.560130070385887247e-02,-8.687137345576736655e-03,7.517191610055482150e-03,1.252294773556856394e-02,7.910329255800032863e-03,-9.463388895051246322e-03,-6.990824903458199395e-03,3.015727164068603919e-03,6.151510650925970901e-03,-4.176501423566573307e-03,1.629264118076340778e-02,4.792946002056178330e-03,1.628876684825613166e-02,-2.350381714396833268e-03,-2.517904046077996949e-03,7.036601131671275412e-03,1.291493637298502493e-02,7.968499672435550366e-03,8.697546092792961259e-03,8.355459296934205499e-03,-6.614323561520323372e-03,2.539761603122775869e-03,8.945830839089113505e-05,-8.110833326822518285e-03,1.626117078377568859e-02,-1.474547894514132915e-02,-3.361620016166903813e-03,-4.215729612292114237e-03,7.414481780538311612e-03,3.027800896332873571e-03,1.956663848897357075e-02,-6.442684471148248609e-07,-2.776746230995917348e-03,-1.075328027015232980e-02,-4.386561130066803441e-03,-3.196708457743490609e-03,6.274310534247738887e-03,5.762612451935171000e-03,2.774118644934695389e-03,-7.903988007584981934e-03,-1.993897297692741235e-03,-1.272884253732054285e-02,1.959173182555105832e-03,-2.602946585612120941e-03,5.639212733568843040e-03,-5.367874044833671407e-03,6.732544208850054467e-03,-2.007543185069216030e-02,1.492964733047069496e-02,1.104884728315373141e-04,-5.097093099261105001e-03,-1.336070734772509079e-03,-1.528841592566784584e-02,-4.105838072531039010e-03,-5.816389661413037988e-03,1.113328086962322473e-02,-6.269612692192451722e-03,5.198120592680728798e-03,-8.175474069461468110e-03,7.295341837402947874e-04,-5.553094404808269977e-03,-5.502709428979467993e-03,-6.385620296996465453e-03,-4.594682670908104352e-03,-9.895375800082832976e-03,1.909559248538128529e-02,-1.138973973333320781e-02,2.407099615313902305e-02,-7.008316860503752133e-03,8.021621433930785014e-03,-5.693544795464008934e-03,9.530676930320662599e-03,-1.615539430824142891e-03,8.067625744490590847e-03,3.834093985350452496e-03,-1.894096899086433403e-02,1.702781011652221982e-02,4.080743964830950768e-03,-7.898633862038210302e-03,-1.189506811101913308e-02,3.611225376875614942e-03,-2.181063049836506462e-03,-2.142075360873525302e-03,-2.086819896666562192e-04,9.970547347401012214e-03,1.978141339661280106e-03,5.734939950397189429e-03,3.217569379929826300e-03,4.805073947172362227e-03,-8.731155807172518921e-04,-2.260553392777374729e-02,-3.045883285995807429e-03,-2.394515826286916331e-03,1.105594799408855973e-02,-1.134658894980371605e-02,6.345747980803340127e-03
2.622703823108878465e-03,-1.868261762081436031e-02,2.111204323584791459e-02,9.177635796774078966e-03,-2.165081132427185140e-02,7.545793765322417711e-03,1.020731977225632602e-02,8.410218096396583978e-03,3.102220311394704444e-03,-3.640361186644424252e-03,1.317564965439498893e-02,8.307418887385216097e-03,-7.484231815387441637e-03,1.123942916457415985e-03,6.602546065814600233e-03,-8.127349345313370638e-03,2.427277746669876789e-03,2.194486869588938450e-03,3.712351723924085410e-04,1.312236043494363277e-02,4.035814622358975534e-03,-4.872871275125098892e-03,-2.237678139475297954e-03,1.372465330447029952e-02,9.609892140828555501e-03,-6.497958180409537645e-04,-2.557180363378198668e-03,3.920272409995885152e-03,-1.002304568374098696e-02,-2.293677900047155337e-03,-1.073774431032641259e-02,9.278560472073996146e-03,-5.074374807095185375e-03,1.573321179237071460e-02,-1.212965246388295060e-03,3.868750683348377460e-04,2.712228056215868887e-03,2.807521631221723650e-03,-4.511420613915126940e-05,-3.308261934292165175e-03,1.032900049289287026e-02,3.160864943670835692e-03,-4.615600122688108022e-03,1.078328681396981126e-02,1.051150579784801246e-02,1.902499634921377613e-03,4.424626335906910006e-03,-2.811673051475018035e-03,-2.967710569979558916e-03,-6.388056130903177650e-03,3.623623860784553306e-03,-2.821373888033395800e-03,7.078927601301336463e-03,2.251684478434910069e-04,-1.300139764665985027e-02,-1.381428970840437205e-02,4.362081077573101012e-03,-4.662009911158984145e-03,1.476769416787421588e-02,1.081760682510248331e-02,7.886781926281349192e-03,-1.708707478919846076e-02,-5.156560789573106686e-03,-3.545900495910547269e-03,-2.332001313756202655e-03,8.099815905015224013e-03,8.437220714310068176e-03,-1.387706828711177294e-02,1.092153419777267161e-02,-1.047647141376641111e-02,1.327965929703554815e-02,2.843193527282990643e-03,1.059299745730959454e-02,4.351345493831717225e-03,-4.693516362741506111e-03,7.032184883632190339e-03,7.084102837349102490e-03,5.044761915298095166e-03,-2.227341978208676951e-02,2.461669762166597292e-03,-1.459098145342893268e-02,-3.928432059501467920e-03,-4.201098089750045401e-03,-5.230915084297653971e-03,7.398092573660862079e-03,9.124269134329085137e-03,6.310783345931637867e-03,-4.129865078607651129e-04,-7.878781893738988698e-03,1.858143879194134457e-02,6.176074197450843149e-03,-1.206818841741115998e-02,1.350184100002000016e-02,-1.610733583810458613e-02,-3.463307965433854493e-03,4.562283144557742823e-03,-7.973588383534560217e-03,3.519531730968590132e-03,-2.368180016820026223e-04,-1.283725608135604171e-02,8.483290733006786663e-04,1.650981839957449881e-03,-4.610968668294170882e-03,-2.397764339433075976e-03,-1.166844015356680031e-02,-1.253400360844399326e-02,2.696761496977561419e-04,2.113453220975028152e-03,2.138677196935463015e-02,5.397005388058905180e-03,6.476654136878682959e-03,3.523176936445654352e-03,3.677149384550889178e-03,4.323767448039995574e-04,1.050879199370045869e-02,1.131488768563616507e-02,-1.506634626767510039e-03,-2.808128391997450138e-03
1.111074409894402711e-02,-4.726092827924237836e-04,1.068474540101797647e-02,-1.506356142479097632e-02,7.278698713682183775e-03,-1.064382481944425342e-02,7.811421033382324498e-03,-7.946570462161253463e-05,-7.305374804114266388e-03,-1.201800735144645076e-02,-2.963297101300784754e-03,-1.430606203745359625e-03,1.340806829803839820e-02,-2.657712846880607317e-03,4.089600828705833649e-03,2.195010081724839846e-03,5.843463343673705943e-03,-3.376449783929858645e-03,-1.757674327132291436e-02,2.958674997409882663e-03,-8.423691161826413892e-03,-7.614030860435055600e-03,-7.496536223575791386e-03,-9.377658201426575593e-03,5.573689064862810162e-03,4.405281858494793090e-03,2.354722682625868656e-03,3.309155936711707154e-03,-5.759211660803232637e-03,7.097111068809472574e-03,3.107498451627982612e-03,2.466695893913202660e-03,2.984986164964909157e-03,2.154749836176702432e-02,8.019643038802199211e-03,8.533236446247663420e-03,4.170870357236346540e-03,1.862246411752991812e-02,-1.163135803287555954e-02,-6.640053481033062269e-03,-5.643703828361244096e-03,2.737743990229515086e-03,3.809963514803736510e-03,-5.732173402099873492e-03,-4.428601346494391230e-03,-7.738098277286552338e-04,-2.585651055532673954e-03,4.619059963263204456e-03,-2.638558449397459833e-03,5.055559799547114548e-03,2.135562159146940642e-02,-1.356337497507216841e-03,-5.383195460359406319e-03,6.910358205799633537e-03,4.879415912513661649e-03,-7.541849512162040851e-03,-3.956218311896676841e-04,3.308761253806976645e-03,1.272949620913266114e-03,4.943970816945058265e-03,-8.745652642594976822e-03,-1.640410018278169691e-03,8.182585056693251688e-03,1.767450540186154976e-03,1.757956304154795505e-03,-1.463381630520708271e-02,1.927612469797842110e-03,-2.320704188915918755e-03,3.149107463515093876e-03,-5.525493759656217516e-03,-5.445329176124167822e-03,-1.735213443144592929e-02,8.394795679386574810e-03,3.855388000849689200e-03,1.218503011049038541e-03,-4.192271306392101812e-03,6.761376634213710560e-03,6.584611012755934960e-03,9.366812365576650951e-03,-5.221482344615972424e-03,1.074422078101077392e-02,5.305914266371421564e-03,3.368114646141373222e-03,-6.122197582733176179e-04,9.136724990447679315e-03,-1.503438179053054498e-02,-4.331757082414306598e-03,1.145823913851664504e-03,-1.547786114842082021e-03,4.320119501222393320e-03,2.004517213514785123e-02,6.355596832648071834e-03,1.859893543291205259e-03,-4.603974960138105675e-04,2.001293680675405705e-03,-5.115901860832093931e-03,-5.817952618047936113e-03,-7.972719259586136947e-03,-1.111716846713504655e-03,1.637459916294242701e-02,6.117605612429994656e-03,1.731444151780909060e-02,9.277812075357777175e-03,1.169470459948834156e-03,-8.152259834477187245e-03,-3.856679140605651264e-03,-7.012997234254744923e-03,8.279924146089348222e-03,-3.636827910333660912e-03,-7.698638303476620405e-03,1.311534939392591760e-03,-6.980369660656736072e-04,4.642545970802386054e-03,9.959373151177161598e-03,7.714607775924796264e-04,9.917450619124948755e-03,-2.358882590515008065e-03,1.079838509615842906e-02
-3.387873414017757590e-03,-1.136474004041070247e-02,-1.065964997124550263e-02,-1.339193207069080960e-02,5.789273268303834173e-03,-1.957262235079055591e-03,-2.165030335366765254e-03,2.210531473643142456e-04,1.165422965478326092e-02,8.688572032269118242e-03,-1.049364909675290329e-02,4.536959534702648717e-04,5.811928835927993552e-03,8.710799319411981212e-03,2.738371844213653272e-03,2.103568792566767529e-03,1.348826099695671875e-03,-1.080242048878965640e-02,-1.034966651128556986e-02,7.474960696477945740e-03,-3.444932722695636892e-04,8.399965484530667881e-03,-1.842873726298766002e-02,6.732900808188184774e-03,-3.588144856057861026e-03,2.258492001289709623e-03,-1.328811043756783841e-02,-2.728892087618473364e-03,6.358123428322956776e-04,-1.569507298675435012e-03,-2.930299391337868719e-03,-1.134236869830938105e-02,-3.966512674555010103e-03,-3.128418408334456956e-03,-3.107171406936129151e-04,-1.328946303210314789e-02,-1.071307159705032911e-03,1.558471463578095517e-02,-5.673666822338882705e-03,-1.371096323478867077e-02,9.053958786832402156e-03,1.699589461340411233e-03,3.750671302336784640e-03,4.766081912005586639e-03,-1.027519422871074097e-02,-9.520647921084179552e-03,-1.239709381159701147e-02,1.669477474744965328e-02,1.106102967415552134e-02,5.201462735023342117e-03,2.690532920238225718e-03,3.130761987618665802e-03,-9.316435921534532358e-04,3.343846494117206497e-03,-9.375338159758990963e-04,-1.314079012677362920e-02,-1.195091028347621681e-02,-5.707490960337079783e-03,7.967226776906262409e-03,-1.799743678563078819e-02,1.027549534858657795e-03,-1.779550552620899097e-03,7.011742362211504341e-03,-2.981431890232975543e-03,5.198288068627525231e-03,-3.526155227497481792e-03,1.996260142061721116e-02,-9.129751693527379808e-03,-1.147113316429744685e-02,5.106365945537424695e-04,-7.463261240461645067e-03,8.318139682011952557e-03,-8.909673056217988496e-03,5.160771950637663835e-03,-4.185126823465302841e-03,1.304274342230983541e-02,4.664117391663299625e-03,-3.541585252990426223e-03,1.156702069987440226e-02,-5.800707571125461592e-03,-4.831195564123803160e-03,-1.192191069919328744e-02,5.922981385274487566e-03,-3.701220231657537628e-03,-9.047268632041418138e-03,-1.347931211865278055e-02,1.860267764504306949e-03,6.578290203652622202e-03,1.067301731265146714e-02,-1.500973640864493135e-02,1.448320971235516653e-02,-9.157097530902560956e-03,5.920711853623606205e-03,-1.353367430613814683e-02,-4.893916316084088482e-03,4.791514168783445743e-03,-1.035779879346828553e-02,1.162553757660655072e-02,-2.630768905180018088e-03,8.264829586339674308e-03,7.887044960350558798e-03,1.591548322641715349e-03,1.021822429327576276e-02,-3.373154911412050167e-03,-8.360111189456044534e-03,-4.384907793102209295e-03,-8.793769239755021283e-03,8.522114068506704554e-03,3.491601033640251601e-03,-1.945342626858509406e-03,1.566347590892672517e-03,4.306073751000893957e-03,-5.189920386803484852e-03,-8.568447654819609863e-03,-5.237640710287131199e-03,-2.351113287985110746e-03,-1.723784261571310872e-02,1.120655235892933747e-02
-5.747385483692794405e-04,-1.078854491348285420e-02,3.162455659783123749e-03,-4.262253807084147479e-03,4.307269929808393329e-03,-1.141177045149474253e-02,9.437153508125885326e-03,-3.421565656443696819e-03,6.171268269412206455e-04,4.200236766435996687e-03,-3.932354396927962605e-03,1.864691690512273320e-02,-7.268056443833869999e-03,-1.115215108548593161e-02,-6.225414958974233651e-03,-1.012880810914822995e-03,-9.487599984935916886e-03,-1.093357282370172913e-02,-1.055163311816544047e-02,-6.466224224709343597e-03,1.724039827688370226e-03,8.077822433385652146e-03,-2.026716701051136001e-03,-1.864003541620776585e-03,8.282716102428621871e-03,-2.186172630411097138e-03,-3.532671056255871304e-03,4.592666018707682561e-03,5.327756043751095960e-03,3.453353582488575754e-03,5.227878594819764012e-04,-2.688350979578823380e-03,-1.494254373221134968e-02,1.104902169305274455e-02,-1.121847346857863387e-02,7.819659022906258125e-03,-2.635819339286270702e-03,-5.415734509399036146e-03,5.998727385806159294e-03,3.054731885088979738e-03,1.390776555596119927e-03,-4.379952139461859052e-03,4.873779634815501340e-03,4.014650191442208256e-03,5.495763936740450696e-03,-3.617014307562052208e-03,6.154678006410547672e-03,3.348401787742264629e-03,9.103986016021560490e-03,2.060921603013413789e-03,4.028283406093689616e-03,8.091376425144037113e-03,-3.015453128504951875e-03,1.398927692707462728e-02,-1.636519347627031452e-03,-2.067277470606947252e-03,1.222905842976666074e-02,1.112074625245858261e-02,-8.224662759364589210e-03,-6.750488173814136496e-03,-8.921890329478298839e-03,-6.398041884686288781e-03,-1.436976325544274576e-02,-7.118555075947511669e-03,-1.311409747082209129e-02,-2.333262180351751772e-03,-1.640386216536505277e-03,4.912326295690148427e-03,1.259887334261940509e-02,-7.681184010093388553e-03,1.059776712692768290e-02,-1.143011633534724188e-02,3.225028668224788446e-03,4.288531865700888519e-03,-6.584698193890640462e-03,-1.000845363270652644e-04,-2.389681946017892765e-03,6.220551694310902553e-03,-3.861306222752392599e-03,-1.363990055301804796e-02,5.066592223352663592e-03,9.641879772089153797e-04,1.276368855125779335e-02,3.325391014751097069e-03,-8.692959695072083326e-03,-3.874528684790482479e-03,3.024587850123055307e-03,5.865645989038457096e-03,1.415821090464916641e-03,-1.906637588232890090e-02,1.191283032600141348e-03,-1.862531657433887664e-03,2.274589281609118788e-02,1.309278006439358252e-02,1.380403977564074840e-02,-1.895179434753277437e-02,2.128641836864052228e-02,-1.255378168325567249e-02,-7.856129557016530013e-03,-1.337147076054492033e-02,7.670157890113840637e-03,1.269235423950559839e-03,1.580073560416564438e-02,1.107761940380142321e-02,-2.136109438126905513e-02,-9.613653854729918569e-03,5.344641394200867930e-03,-7.692612224295970400e-03,7.841132162866198616e-03,7.812779634692469319e-03,1.921319020455676107e-03,9.957875005843538907e-03,4.224353436349376906e-03,-4.978797401205168997e-03,1.307972349540161526e-02,-1.257451202192678454e-02,-6.122342394725052359e-03,-5.129371825347564355e-03
3.120987846662031696e-03,-1.848704292812161643e-02,3.779824441309963604e-03,3.547574771613661374e-03,3.061262069130592234e-03,-5.999102800753232899e-03,3.105123951260112345e-03,-1.482886880196986577e-02,-7.327750049165626493e-03,1.310849352826456635e-03,1.044776633634534246e-03,-1.269553632280309881e-02,-9.145004937294793409e-04,1.902819986196154943e-03,-6.440816844609220486e-03,-3.904403273962541755e-03,-1.190321988318769272e-02,-5.684555382981773888e-03,-1.159943483997998709e-02,-1.092955986505054870e-02,2.248192858521135679e-03,1.601152671932116328e-02,9.007150037527814632e-04,-1.979519958019699925e-03,5.626043993566288981e-03,-5.062696041714727369e-03,-7.759921784612812574e-03,1.419362998221921322e-03,-6.900778357210337471e-03,1.286769730527285906e-03,-7.098012196799331069e-03,1.006159081170352777e-02,-1.111106473781079025e-02,2.083978046279541183e-02,2.815822009436530059e-03,2.500201621352276127e-03,-1.315598945055325777e-02,8.989559324585073494e-03,3.924885875514892708e-03,-9.703611512388295862e-03,5.695085347541654214e-03,-5.275443540157530135e-03,-1.981690223475784517e-04,1.978193008212276831e-03,1.560992157247572017e-02,-2.204406949423545325e-03,5.975243011664735024e-03,-1.870792297658407238e-02,7.434567914765128878e-04,1.536856185137272859e-02,3.355832642142230447e-03,-1.573282047105381901e-02,1.788453327883243304e-03,5.302661901784958519e-03,-6.962870584937370586e-03,-8.650372928487236671e-03,1.258786927435646616e-02,1.766789456392704738e-02,-2.988932694038215487e-03,-3.207411708752855740e-03,-4.455901905453352879e-03,-8.230573722651290730e-04,1.161773753807720730e-02,-1.440806133034560309e-02,-9.637187596578392773e-03,-4.453558541689147353e-03,-9.064039512121768033e-03,4.318016839163176489e-03,-3.686144775007691408e-03,-8.241856341550788181e-03,4.670866235296699739e-03,-5.337262490166561589e-03,7.387481560145530216e-03,-1.299127928086437093e-03,-4.093268886573869607e-03,8.992154797425761306e-03,-6.597763288592964175e-03,6.715394499947456228e-03,-3.562485554010217693e-03,5.840985901146265175e-03,1.349126603074924172e-03,1.437938956248875633e-02,1.470417411303619366e-02,-3.846071499438873456e-03,1.622237152430822116e-02,2.530659050395233766e-03,5.219825533564758334e-03,1.133416449827123924e-02,1.989165732367824575e-03,-1.091581335944921509e-03,4.934612391705558293e-03,-2.073436830685082208e-02,7.855494297101542345e-03,4.563935807947135277e-03,-9.740503342542627258e-03,1.174001207441424492e-02,-2.551966991413673076e-03,-4.754404326876356113e-03,1.829340418466699619e-02,-9.181357491080042316e-03,1.301202285177676700e-02,-1.490237992739299779e-03,-7.501768289496426635e-03,7.755317826689467169e-03,-3.969449814871110586e-03,-8.843296633214609709e-03,1.760044348615992515e-02,3.136947067501740481e-03,-2.842353438552418926e-03,-6.273001845179981828e-03,9.597972618386923019e-03,-2.224685436200087019e-03,-3.731402234139189790e-03,-5.223414435004945268e-03,-4.708322510638801237e-03,-1.017708591402864508e-02,-1.927195563118273619e-03,1.468334052856996169e-02
4.179513202702996033e-03,-9.267455698044458137e-03,-1.375502137467432724e-02,-5.158989418863705115e-03,3.630492711076157512e-03,1.677480713048496623e-03,1.497176888512539820e-02,-4.050879574270381533e-03,4.734995970591605874e-03,-4.590172265755629311e-04,9.562515965763140197e-03,-2.609237186729051786e-05,2.471506129662388515e-03,1.398852395881488957e-03,-5.405268064526931940e-04,2.834330096170163118e-04,-7.629912761040121526e-03,-1.414701946480217097e-02,-8.940599987903767934e-03,2.828404333813932408e-04,1.645392464559864614e-03,4.487312076925662266e-03,7.247527582954892827e-03,3.851566269081859503e-03,-3.026000690992134757e-04,-3.572965913774733392e-03,-8.700685709746226737e-03,1.037724617200339733e-03,3.003168447462030606e-03,9.807778816078728534e-03,-5.995514798806501162e-04,-5.713810888684298615e-03,2.237447179118905085e-03,-5.546956496270303953e-03,5.342525410329494219e-03,-8.995726935470380742e-03,-9.118854447874593337e-04,-6.692930205919523333e-03,-3.718963479346892084e-03,3.508864461705986371e-03,-1.091782799134715341e-03,-6.063755696475657195e-03,4.364412339112520856e-03,3.170151927964143853e-03,-1.379467412588797001e-03,8.395262710100910922e-03,-1.486910225593291932e-02,6.562928068951880654e-03,2.374346837017340256e-03,-1.000650632771684831e-04,-4.396162461811760173e-03,-1.177930197997439400e-03,-1.074469434042215829e-02,1.697368665079708461e-02,-9.264878604774489865e-03,-4.333691707866723329e-03,-2.552579194944136487e-03,-8.786753668686877582e-04,-2.402688267822766614e-03,-5.416189108288232620e-03,1.000361739634822965e-02,1.760209075228423570e-02,6.926560418675285422e-03,2.207510315168543808e-03,-1.081632259486413339e-02,6.760132800415593474e-03,-7.470513672285665312e-03,4.598806345800596045e-03,7.892014226968783325e-03,-8.838625235520041964e-03,-1.415148078804409799e-02,-9.171729592286624252e-03,-2.850803137939224123e-03,-8.082370543553070788e-03,-4.458951004611452773e-03,-1.352149855092272352e-03,1.659389586215675658e-02,1.220929400831958014e-02,-6.240135911260177512e-03,2.690872996336012794e-03,-1.079731391707914809e-02,7.887469954510345146e-03,-6.274127126746911580e-03,7.363120851322327645e-03,5.367713538706065518e-03,7.292081375836612436e-03,-1.053304514413657376e-02,3.483038335952965791e-04,-1.566549039327974234e-03,2.116207052900188294e-03,-6.226076561111038368e-03,-1.435254467988017436e-03,5.962718828668879924e-04,1.370931852339246290e-02,-9.030521430775971872e-03,1.992295484686890713e-03,2.743934064721682484e-02,3.236318987977626106e-03,1.269492888152000225e-02,-9.827488589550818429e-03,8.394121842501385544e-03,5.646014038112539581e-03,-1.328368176647842748e-03,-5.420818531999034226e-03,-6.233266182139810506e-03,-5.369226341958396875e-03,4.607287730820245307e-03,-1.947345299355604867e-02,-1.467900725550080540e-02,1.825639037883999838e-02,4.865902016802770187e-03,3.144654201723275002e-03,-1.098862608759918272e-02,-1.203400440704165304e-03,2.112203217548986635e-03,-7.031611895732679113e-03,4.917871044607000260e-03,-3.391545398913787136e-03
-1.392549673038720763e-03,-7.688132020638653412e-03,-5.821505739258623757e-04,-1.831624526074963205e-02,5.546831479667755499e-03,-7.728803846193675262e-03,-1.162292353272307123e-03,3.459870031747095710e-03,-3.965541768669648276e-03,-6.513622625662103885e-03,1.703264300251888103e-02,-3.252550704407438948e-03,6.512416666802903729e-03,-8.649200738306980774e-03,-5.096377969637308838e-03,6.342572739794837683e-03,1.024756903920873548e-04,-1.485351661809865796e-03,-7.567871697525886980e-04,-3.070803931812691231e-03,-1.088256846057802235e-02,-1.374909275987324687e-02,1.646535010439301302e-03,1.842096187007423794e-02,8.630719529336392665e-03,-1.038230324223006137e-02,-5.263986243577777968e-04,-5.317480671633389826e-03,-1.253177161434453589e-02,-3.080991027154014977e-04,1.239015585026381934e-02,2.169518325964393606e-04,1.089076581281684872e-02,4.638893343880816020e-03,3.415109560508021013e-03,1.319061640415904527e-02,-1.198223603412498957e-02,-9.985068015045913455e-04,6.738011003637783131e-03,8.199066051926245935e-03,4.819323343374920000e-03,1.134356959276949794e-02,1.724785967310407285e-03,-2.846332066107249911e-03,2.943921814685261044e-03,1.516482873410858164e-03,1.021211507823290184e-02,5.763747954599160840e-04,-4.968681687442910722e-03,7.740096495647972230e-04,8.261010089112244981e-04,1.249035802626087023e-02,8.924215066542120003e-03,-9.378479302516520844e-03,-6.876330144192767911e-03,8.564208298816648746e-03,1.000786184252810442e-02,5.651320302988942570e-03,-1.221863672071649490e-02,-8.261948431216097413e-03,1.563292740730202329e-02,-1.786916833166181731e-02,-2.687285379450460830e-03,5.789495005509254916e-03,3.495489288786841724e-03,-2.339495366979076497e-03,1.650756382821177634e-02,-5.569115074365797724e-03,4.662342210714036372e-03,3.421542322976502820e-03,-3.876056302288187223e-03,-2.756201199935493298e-03,-1.120345905102227910e-02,-1.187442299700638623e-02,-3.074604979128875079e-03,-3.983990195120117733e-03,-8.855601001463707031e-03,1.166786424580227959e-02,-5.024137383744469061e-03,6.198496972449716626e-03,-5.243760062188928574e-03,-3.007604306312690150e-03,-5.217137069364795321e-03,1.455126842823278692e-02,-3.808451582490242696e-03,7.242316961520602232e-03,1.455030916378224209e-02,1.212886062706811357e-03,-1.042930246984547296e-02,-7.373340727257246541e-03,1.178576859190831258e-02,-1.841023476368331725e-03,1.861907536922307455e-02,9.054734791564407817e-03,7.090758333217582823e-03,-6.861268873720658551e-03,1.056620956878709730e-02,-1.671828702798524224e-03,3.585465166307628612e-03,4.402501976693302260e-03,3.316814739404099323e-04,1.070497634013701203e-02,-1.130103742461289855e-02,9.930131852390854108e-04,-3.882256913954912239e-04,-4.486619889202199570e-03,7.233675767202451048e-03,8.440446561068444195e-03,1.369062199419952310e-02,-2.053569734834242988e-02,-1.395869736782804737e-04,-1.291309488067139341e-02,-4.686942288898389951e-03,-4.151267436161384071e-03,-9.931046572462300451e-03,-3.380091272835512861e-03,3.803633050920231413e-03,-3.609894438315691245e-03
4.646928736679787307e-03,-2.489177947067567568e-03,1.495147863217810222e-02,6.447351359755597311e-03,-3.266070561722748868e-03,-1.136605730075228825e-02,4.043703683824350498e-03,-9.742121902013170173e-03,3.764657234011944617e-03,1.186888065627872066e-02,3.623969798578297562e-03,-2.357647887786706170e-03,2.971791984919809008e-03,-5.533891535220052289e-03,5.373149315631008116e-03,4.410527478152153312e-03,3.938462707436788182e-03,2.167116568852122272e-03,-2.211231767016839933e-03,4.110271664937862994e-03,-4.843607032106620955e-03,7.395274469718068119e-04,-2.943904195478697257e-03,1.652809254333738320e-02,-1.265796012072096209e-02,8.220923339698286633e-03,9.539975211115202594e-03,4.564452122102628448e-03,4.720614148955751960e-03,6.669153492340253349e-03,8.470928367935495404e-03,-2.187880442992882514e-03,5.815545040502176355e-03,-1.270197585973669146e-03,6.688700197444168334e-03,-8.693099799468714459e-03,-1.096462130613992496e-02,7.957837557043007798e-03,-1.179417227211513805e-02,3.911367474909512552e-03,4.734726475971094001e-03,-1.009890878644264167e-03,3.640583534925173354e-03,-9.380014791597134083e-03,6.454115444386772892e-03,8.535145975389854880e-03,-6.096747632503549119e-03,-1.407658462813113527e-02,-3.965082581128015916e-04,4.189769481271302630e-03,-1.414962467170434793e-03,7.046213462375720078e-05,1.447401336530668332e-02,7.979408045457099139e-04,-2.758665032243696417e-03,-1.282575807514912437e-02,9.338064502939794065e-03,6.081406098483133028e-04,3.981893204007908894e-03,-5.818500059007382201e-03,1.021342478590359787e-02,-7.093241543453089951e-03,8.685525747864274127e-04,-4.075084753349519570e-03,-7.344510715484977963e-03,-5.212155647226678935e-03,1.155515286931729606e-02,-4.817631699378461564e-03,4.014459421079404587e-03,-9.717565713979314096e-03,1.546688089118036097e-02,-6.069959609531747112e-04,7.361202852657464449e-03,9.594861280991301075e-03,1.229317653475414836e-02,1.095399897153226040e-02,-6.468276480344726902e-03,-5.385707197438159566e-03,5.505101920148504357e-03,-3.555205852602564588e-03,-1.315373815879812558e-02,8.893551867483752774e-03,-3.394959481799831712e-03,5.664088470057057796e-03,-5.776211703337854816e-03,1.162264833537019100e-02,1.634304338440018683e-02,-7.794864064442422191e-04,6.106948746631837149e-03,5.408550107825812331e-03,-6.462972036589068568e-03,1.045653200362327111e-02,-8.495091714009498848e-03,-1.797952215461467648e-02,1.432413686191264489e-02,-4.513742967869564283e-03,-7.150973752007794282e-03,1.080933024885464416e-03,4.453941605184805370e-03,1.834474479026547379e-04,-1.173171886473373809e-02,1.901992121164843008e-02,-1.763260561321161428e-03,1.075534067070668849e-02,-6.793426929039145072e-03,5.229325079061788312e-03,6.241752836347453683e-03,3.662580267853901301e-03,-6.008556878840836876e-03,-1.620143842055451295e-03,-7.009645851382339740e-03,3.030725920212252490e-03,-9.018416310918040898e-03,1.881660958956984583e-02,-1.001114533332053344e-02,-1.934787944108560739e-03,8.618594313962724129e-03,8.340953171833639240e-03
-6.990482081869132253e-03,6.917871349412327113e-03,-1.532765963773661958e-03,-3.852052499795270181e-03,-7.887554409374738715e-03,-2.525734588418770271e-03,-2.471864623606795028e-02,-1.059976947521426138e-03,-7.983021234668085178e-03,3.576530780124899649e-03,-6.680711362141572573e-04,3.907922198137382674e-03,-1.197733150806367265e-03,9.208388115680945151e-04,1.120142787110551749e-02,-5.741314135222521080e-04,7.414734962926025890e-04,4.510949390428313152e-03,-2.034158846327826717e-02,6.942459316368898743e-03,-5.015828354342253409e-03,-1.963244027134659377e-03,-3.926245891476158600e-03,6.138512789389570685e-03,1.131962425721429882e-02,-8.046499719146829252e-03,-5.152156862511415988e-04,-6.223519099176890931e-04,-3.884635197156790457e-03,3.747613916400697413e-03,9.533243197469906801e-04,-2.673506238247704957e-03,-1.551965133521455379e-03,-3.231169848760739090e-03,1.532050060460216599e-02,7.954334263044940401e-03,-3.141188832425016991e-03,-8.230489553317371643e-03,-3.747324542210369279e-03,9.224353960647957472e-04,-1.338703179165729763e-02,-9.257410094272737824e-03,-6.880573718553985481e-03,9.134640694522572560e-03,-2.540400204702671430e-03,2.614429580483631360e-03,-1.717319265331859756e-04,2.749720658426569458e-02,8.800176595299998364e-03,-1.953949509263828120e-03,-5.763637300932693969e-03,1.259380551717387622e-02,5.850350034631961182e-03,6.042977109349496195e-03,-9.054567353708046270e-04,-1.945081706467513202e-02,8.623299820086751180e-03,-1.073100564630842741e-03,6.703253985662152754e-03,-9.914473260259952514e-03,4.055823808207228640e-03,-9.592814597150681188e-03,-7.138221977482832672e-03,1.967249825193889690e-02,-2.678575602478139306e-03,1.063894088595090806e-03,1.573531245390729846e-02,-5.951495650364522876e-03,-8.316536097484175704e-04,-7.398749069566333417e-04,-3.410759187311828561e-03,6.910824211517952766e-03,-4.455101314628325042e-05,4.048481665781168519e-03,7.546182070083997653e-04,-9.337527711634945396e-03,-1.051415461850672799e-02,4.101214422840261664e-03,-4.618527196008348316e-03,6.850911241349531833e-03,-1.308420077995663816e-02,5.827390407825613558e-03,-9.608512359604377134e-03,-2.510179327985415706e-03,-5.275544650465061221e-03,3.827074096898464266e-03,2.001700714408895590e-02,1.517852626956199373e-02,1.088658893680797754e-02,1.048972425725109604e-02,-4.581667945240411322e-03,5.798931835694905862e-03,-2.140417603774427083e-03,-1.002953894170260235e-02,-8.035295384389833789e-03,-4.806597864217966413e-03,-1.201064792814977682e-03,1.397966602825145973e-03,-2.184804640598632126e-03,-7.831679647087133904e-05,-8.553271689298713037e-03,9.448938947848350631e-03,3.914960857283862269e-03,-1.370482454515109701e-04,1.834766307252128081e-02,8.514080836327092691e-04,-4.771745797564002668e-03,2.709339771203418245e-03,7.356980972961406698e-04,-1.177194397227501223e-02,1.445647832860108561e-02,-6.587364425009596160e-03,-2.336222330196015620e-02,1.929710941337603415e-03,-4.404771633439671409e-04,-1.541422198226893858e-03,-1.212204355515750405e-02,-8.579294903825187765e-03
-1.422697134900091154e-04,1.271828390920048523e-03,-1.596125596199960209e-02,-2.864374248550509428e-03,-7.839411052422180434e-03,-4.917996087586796322e-03,-2.880923259137733485e-03,-7.632716162412854326e-03,-1.554678902278248519e-03,9.871710774855543130e-03,-7.821641238791081363e-03,2.651049293561417953e-04,8.631313412854162148e-03,1.059954156010167736e-02,-1.392037386367272166e-02,-1.521245187136907422e-02,-7.902200802350893907e-03,2.414454154988852387e-03,-2.215658092380087471e-02,-4.060292695075360184e-03,-6.429790295179893880e-03,2.884432075739560165e-03,-9.351700857107085943e-03,-7.717358404629936011e-03,6.072395094549183116e-03,-1.246042059086170661e-02,-4.809739061988281203e-03,-2.219478765037148985e-02,2.037828774206380637e-03,-1.452135967076452656e-02,8.721992741716080508e-03,5.170342154050036262e-03,9.112140762599253837e-04,-3.777686032429050048e-03,-5.003061669503047239e-03,-1.060949470817513715e-03,1.236233719282162427e-02,1.208227702050674278e-02,-6.886075459220146466e-03,1.172812158032385916e-04,-4.605279623396961973e-03,-3.389484686320804775e-03,-9.238399860450465656e-03,-1.018477674003033344e-03,-4.849343951503241532e-03,-2.752719112808379651e-03,2.287918104341997178e-03,-1.930538880098857032e-02,-5.581900087855817122e-03,-1.133952383731660907e-02,1.138794709371901762e-02,-3.736657354833062238e-04,-6.327568070872776826e-03,6.030395271888454485e-03,-1.173574279284606697e-02,1.536870797083810924e-03,-5.002718975822349756e-03,8.677876857923162365e-03,-6.642871174184343877e-03,1.212368868763829231e-02,3.201444062671920075e-03,-3.000722344355561365e-03,2.832142310604003187e-03,-1.762524526509936249e-03,1.296598749946176188e-02,2.853269841475767178e-05,3.073215163731459181e-03,1.164017713656781763e-02,-3.595359403636136895e-03,-9.251661107551973837e-03,-1.604541872796541981e-03,-9.893129919073069892e-03,-7.370524320256104447e-03,-7.226812834201247135e-03,1.402658468275215335e-02,3.850452632374344163e-03,7.773116818189686195e-03,-8.472821965497470340e-03,-9.286584191355116286e-03,5.537764303012582615e-03,6.766123796090187451e-03,4.301771108583345680e-03,-1.303016521598897152e-04,-4.096680915925821412e-03,4.136138495165850738e-04,-1.085805592190838831e-02,9.180098051537880985e-03,1.035005756860367561e-02,3.887776660743513628e-03,-3.170176656456613704e-04,3.990800462692986432e-03,4.712807944407674740e-03,1.716527810050402000e-03,-4.933360885771685515e-03,-1.044625778672399023e-02,-4.877826000047220945e-03,4.729789716330011669e-03,-8.874848643012083968e-03,5.294234290831199494e-03,2.832995076799550271e-03,-1.382326406444144180e-02,8.615141676479268207e-03,4.569634954394201300e-05,-2.653802776434404428e-03,-1.052597618580046641e-02,4.201443604678648886e-05,-9.468087954578489202e-03,1.519870426375393400e-02,5.852400005443718183e-03,4.301264480150803621e-03,-2.461663194990646678e-03,8.635163169316402432e-03,-3.762459849311058663e-03,1.436075375285374330e-02,-1.233573773265065482e-02,-4.609675047700766658e-03,1.483658212519620850e-02,1.071942267844605730e-02
-1.187564094702271960e-03,1.003505815662269693e-02,-1.423169082323914566e-03,-5.929047688531500701e-03,8.353074739677961505e-03,1.072033412432498757e-02,3.354413880585686066e-03,1.558343127346567113e-03,5.236271039520992406e-04,9.073018956567705656e-03,1.158377737825192801e-02,5.943844826686546685e-03,1.856045851725512995e-03,-1.122507207692077097e-02,-8.148574557620056474e-03,-9.660383332882287524e-03,5.638755402965752415e-03,-5.048565802963707327e-03,-8.529383883321193724e-03,-4.376967547347745957e-03,8.702832991900626494e-03,-3.280874651696539211e-03,-1.446188765288629677e-02,-7.790611996777115945e-03,-7.527657487190942201e-03,3.788632769283615653e-03,-1.282061673966712785e-02,-6.727113632443116817e-03,-1.678106914247124359e-03,-5.354028137173231583e-04,-4.120108143644163226e-04,5.148675371053599431e-03,-2.354613219203293296e-03,6.582253344519090922e-03,-1.450050378587752938e-02,5.298055534609759538e-03,-1.147090075870708936e-02,8.946467533135472883e-03,-1.506433846868658589e-04,3.770811258459822336e-03,-6.434726628195394128e-03,4.958620335903596126e-03,-1.257201288782479331e-02,-7.452688284467226532e-03,-4.764379166484822466e-03,7.918712803063497271e-04,5.107131209845158608e-03,-2.642186474604435106e-03,-2.128786873927364853e-04,-7.991114646649675329e-03,-4.814297553425070028e-03,1.998641435892956498e-03,6.264404826603673856e-03,-2.346074151024538871e-03,-1.888630486384712884e-02,-8.468788231087126528e-03,-1.955952096156711884e-03,7.664531428612747326e-03,1.559845508711614958e-03,1.987352570336510527e-02,-1.486604209214588586e-02,4.336203014910155855e-03,-7.496826471674357395e-03,1.817349936160170655e-04,1.118299135888111556e-02,-1.145786039016476882e-03,1.842262608746433883e-02,2.803432758157456059e-02,1.978746879810670128e-02,9.293508972876968893e-03,3.114622976400237622e-03,-1.173504684132368504e-02,-7.028754824640419223e-03,1.000907657731275012e-02,-2.577334869405146101e-03,6.301267838155970129e-04,1.461426151782945632e-02,2.033987799709780723e-03,9.331250001943881822e-03,4.115088925394646581e-03,-1.614316644013506427e-02,1.751338589138031268e-02,-5.981953467472772221e-03,7.384481031999165501e-03,-2.135449324204467293e-03,-2.480616271122818798e-03,-1.089996039697712846e-02,3.399746117281881187e-03,-3.381704925416906867e-03,-1.099556433113984752e-02,-3.348971783744985643e-03,-5.356509861780879046e-04,-1.661215434632401858e-02,1.145922972930277228e-02,-2.469194152865789114e-03,-1.167046506790636942e-02,-1.087617813803876642e-02,1.255560854985798662e-02,1.295985144200733664e-02,-1.110340951710943672e-02,-1.384587767652339756e-02,4.102585452841160793e-04,-8.671966701379268602e-03,7.621520743956231372e-03,-3.777278522998393090e-03,1.160480217653042830e-02,3.708511988931009404e-03,-1.660853649782927446e-03,1.744218038907384167e-04,7.676954402310577803e-03,-5.544654168493967465e-03,4.091239842689477105e-04,-8.309241875023174123e-04,-5.729749719814249131e-03,3.924903245572335456e-03,-1.095355026032963225e-02,1.018735196347299657e-02,-5.266462496679929573e-04
-1.437794743230809240e-02,1.038324178771333518e-02,1.023356369001575047e-02,6.349023554164962696e-03,1.730149571871150357e-02,-8.909243051437296113e-03,1.149678834292596624e-02,-7.509112152700038456e-03,1.146574212453577331e-03,-9.464623448909611006e-03,1.610151961492636364e-03,3.827454032907874875e-03,3.973856329081697225e-03,9.530337567396580944e-03,1.354632098956009764e-03,-6.141244639316193214e-04,4.704749073427424121e-03,-4.216316907704566359e-03,1.860826814796512005e-02,-1.244076958706466854e-02,-1.548048590796008905e-04,3.395127766893444969e-03,9.648536785661321032e-04,1.213805078764365435e-02,1.645657031401251066e-02,9.367927391814537263e-03,-7.187113203527695747e-03,-7.800748136471644459e-03,1.349467794943612266e-03,-1.120544225385364939e-02,-6.579431597456310288e-03,-1.908822243634415499e-03,7.855853357199087464e-03,-6.454943130152148052e-03,-2.144630624743637699e-03,7.270724670033834082e-03,1.568572362336393203e-02,6.125131449714473798e-03,8.941178934534537576e-03,2.463824564006932396e-04,-3.162156905713852176e-03,6.263351979004340604e-03,-5.477301575005552245e-03,6.055776565914096528e-03,3.838321502306488945e-03,2.296154522419323850e-03,-3.971089578171434903e-03,-2.357522249375254737e-03,7.208739059571196532e-03,1.697323870244505511e-03,-1.050048081399036250e-02,3.072353435659401239e-04,8.886680708124818431e-03,9.240231748480652249e-03,1.680469205109747649e-02,6.326260829815773604e-03,-5.815782834241312559e-03,-7.420527273173377477e-05,-1.668252032913181138e-03,-1.364449514820756382e-02,-2.062563918635600211e-03,2.181741748157701652e-03,-1.402671231013319711e-02,-6.313340686795302671e-03,-4.882799089283742025e-03,1.207983915343965528e-02,-8.122334195499911549e-03,-7.415291743585817122e-03,2.467265012502318361e-03,-1.341144193114475816e-02,6.307696268973749312e-03,1.389394606844167974e-03,1.034627214424369002e-02,-2.462651554830639928e-03,-9.731198465719096899e-03,7.329424354494258782e-03,-5.242077226137700947e-03,6.011661216332003267e-03,-5.460017327124878569e-03,-7.681435221216075318e-03,7.161187629303097761e-03,9.329373395766158523e-04,5.315928301835188934e-03,-6.649612776049571884e-03,1.975384784910675512e-02,1.011582890487528093e-02,-5.706666857212981583e-04,-6.976320474864343424e-03,6.322500992266890177e-03,9.182379742187237945e-03,-6.612436274372044363e-03,2.936112287317485178e-03,2.935995203372656227e-03,-1.522306242483699966e-03,-4.275412796844528865e-03,4.558585933668578630e-03,4.436370002898501995e-03,2.821413155898340724e-03,3.118074292872658176e-03,4.665776261127644198e-04,1.290434981651259957e-02,-1.987557987932455847e-02,-6.347264267217980413e-03,-1.048855611792702709e-02,-6.219147395514845224e-03,4.994599879613427842e-04,1.440831614493275764e-03,-5.770129131475136910e-03,3.121071377439893577e-03,-2.030616298109002172e-03,6.839899894194634983e-03,3.675576840441718233e-03,7.196823004344208782e-03,1.130913121649645796e-02,-6.966640076316855251e-03,7.969827823415060603e-03,7.303568155318421184e-03,9.924707461628325469e-03
-6.547809802907103571e-03,-1.360427977569053475e-02,6.335309290303015907e-03,-2.709341377374858886e-03,7.344286189872428761e-03,4.760307596111462355e-03,-2.699677154711417441e-03,1.202607321201683808e-02,-3.140607978197743413e-03,5.122964313944244549e-03,-4.523924602666072776e-03,-7.653040067775468240e-03,-1.169538490879678400e-02,2.407063946536702401e-03,2.450430916873819025e-03,1.214716804200061638e-02,-5.309612897822149104e-03,7.649848652185889386e-03,-2.707806988557753987e-03,7.401962519560844646e-03,6.142319001073406372e-03,-5.844346973067475817e-03,-2.760840911778815725e-03,8.727942633261643463e-03,-1.101794426685982244e-02,6.379149467090848395e-03,-5.986951908287167605e-03,8.022694347904766113e-03,-1.434702268925421714e-02,6.324117978456511753e-03,-1.459516673969933360e-03,-3.444254023023657525e-03,1.609209274350948543e-02,-8.986254216674913198e-03,9.253717603233117817e-03,-1.591920767679302429e-03,1.189047469930797421e-02,4.062261294862709181e-04,-3.589769104797322762e-03,9.352745146301570667e-03,-6.272340496258354235e-03,-6.092551904394494927e-03,-6.619693811521034678e-03,-1.750078375960669938e-02,-6.138170796011132094e-03,-5.452868684486590926e-04,6.831966833765804308e-04,-3.008759896920586586e-03,5.148163963433052825e-03,-1.189632258269026667e-02,1.384019102906388493e-02,3.778809507980511549e-03,-1.797326704351292700e-03,8.063375597024595789e-03,-1.456433602821918458e-02,1.603910245310233296e-02,-1.591435827652421192e-03,-1.559801875932858607e-02,3.583618323721716754e-03,2.851053297414770423e-03,1.519884967676009974e-02,-1.714324051154384691e-03,-3.593451257562602433e-03,-3.816911074186839919e-03,-7.881546679379783024e-03,6.634576056880824805e-04,7.201447238823160610e-03,7.521318390844200681e-04,-9.342078223275827051e-04,-3.570016400780663614e-04,-2.163918426881795021e-03,8.822118039307335485e-03,-3.110413239880354102e-03,-1.189066670019350673e-02,-2.793456612109513400e-03,-1.243321060928314617e-03,5.730468792162388483e-03,-1.203405444329826894e-03,2.961489270641576733e-03,-3.628908865464772898e-03,-6.636465029215036886e-03,1.105407012835766048e-02,4.620856923006321990e-03,4.704973114540263873e-03,-2.270584045320337557e-02,-2.534482788851493903e-03,9.593353882651298181e-03,-3.264745185513161577e-03,-1.171966229970417689e-02,-1.046586391789349965e-02,7.963700867410028125e-03,4.437441832641328583e-03,2.010798592522230609e-04,1.265599846407831734e-02,2.069972994773249669e-02,3.032429289507848798e-03,-3.465892319863338004e-04,1.233109053104380383e-02,-9.481033830032558132e-03,-1.242033146125500094e-02,1.187289737428240920e-02,6.046817260764752143e-03,6.405188345418729237e-03,-3.708292154372751746e-03,2.951898991497787627e-03,-5.345202942906604644e-03,-3.355134461699371511e-03,1.783156789172576613e-03,7.391620016037407084e-04,-4.071749900205070584e-03,-8.852191689815655257e-04,-1.108789786756188972e-02,-9.685251837411855760e-03,4.633247835092212455e-03,-2.293945548129779771e-03,-2.123678580234694864e-03,-6.023425342079160791e-03,6.665543781181686514e-03
-4.040402057586046404e-03,-8.281799775114295347e-05,-1.568013091807913401e-02,5.489187104911994429e-03,1.228903346468775658e-02,2.701573255209139927e-03,-1.220352722982678655e-02,-4.734349226824142477e-03,2.126414550629892458e-03,2.796646392642055008e-03,-1.863802456503841362e-03,-6.385083222245417113e-03,-1.135873078810338034e-02,1.494033501917515182e-02,-1.731055764471404156e-03,-7.645853807625382567e-03,1.947529700140272725e-03,1.278672875098198778e-03,1.240175539213597168e-02,2.063843280354389544e-03,3.900582587617305603e-03,-1.390576148867668331e-02,1.418599064490465821e-02,-1.463802395868483985e-02,-1.675472695161235983e-03,6.947077243959118818e-03,-4.739401665160624354e-03,-2.019170523064356751e-02,1.921008137315484811e-03,-4.863273828627823030e-03,2.585868537069897517e-03,1.006234907102799723e-03,-6.620624821166557795e-04,9.285449342299160677e-03,-7.513342457200070448e-03,2.253307803539578429e-04,4.775389857845689125e-03,-7.574523869873151698e-04,-1.706166272967164993e-03,1.761611992343047745e-02,-6.793288388321668848e-03,6.125713202177855699e-03,-1.392296309203766222e-02,8.652757449103638462e-03,4.755979724247059483e-03,-4.910981625992420253e-03,2.821716991907586604e-03,-1.449558851555413520e-03,1.723776940417836266e-03,-5.746145853553236312e-05,5.941322757535064374e-04,-7.329570369391646273e-03,4.749359748593727677e-03,-2.631819224363772872e-03,6.489652148050387322e-03,7.561898754599747328e-03,-8.266015716754384290e-05,-4.997789111669954411e-03,9.290412442612463670e-03,8.448603025287066554e-03,-2.371760511135073603e-03,9.319326836365392913e-03,-1.773216240863331652e-03,-9.572200691478283813e-03,2.060443053585740356e-03,7.179408222764886369e-03,-6.311083135821893980e-03,-8.057010897478371000e-03,3.846483520976703768e-04,6.903867378071988810e-03,-4.714108755692380907e-03,-7.639998906933514675e-03,7.062468991610938891e-03,5.432127391085119286e-03,-2.133237060442518679e-03,-9.794139391422110319e-03,-1.306817865454131325e-02,-6.110298763500247518e-03,8.075545122704360507e-03,-1.707933298419016515e-03,1.238302942711346985e-02,2.964012713618596750e-03,1.825042887812143577e-02,6.840198357212598501e-03,7.024980791827274001e-03,6.301924235994091003e-03,1.167610681474340849e-02,-7.300980344101357968e-03,-2.305910906471201130e-02,3.514265504293119340e-03,1.428897978042138403e-02,4.865264468068646563e-03,-9.341575244315886498e-03,-8.848240035674772436e-03,3.769422187486849100e-03,1.607634057088587259e-04,-1.293328966279026770e-02,-1.000284817470488592e-02,-8.855284056725285652e-03,-1.379777631018838831e-02,-1.283871460751443393e-02,1.163526059581422058e-02,-3.550286518221732607e-03,9.619584548948286601e-03,6.694353333758664044e-03,-1.585891489839360083e-02,-1.054898642152297429e-02,2.968764337953988617e-03,-3.382894143315441117e-03,2.469135102273546309e-03,7.527210961155208699e-03,1.692461591721257852e-03,-2.785873652887451909e-03,1.998677780964716252e-02,-1.148792993316237986e-02,8.026307541406518462e-03,8.903794433562343610e-03,-6.649103544251479779e-03
